    0.0000  1  1  100.0000   45.0000    0.0000    0.0000    1.1413    0.9323    0.2151    0.1912    6.0937    5.4420  0.5417E+03  0.9881E+03  0.0000E+00  0.0000E+00  0.1432E+03  0.000
    0.1726  1  1   99.3857   44.9498    0.0000    0.0000    1.1517    0.9401    0.2195    0.1936    6.0995    5.4493  0.4998E+03  0.9647E+03 -0.3559E-05 -0.2909E-06  0.1439E+03  0.000
    0.3455  1  1   98.7487   44.8980    0.0000    0.0000    1.1622    0.9479    0.2242    0.1960    6.1059    5.4570  0.4585E+03  0.9410E+03 -0.3685E-05 -0.2997E-06  0.1445E+03  0.000
    0.5186  1  1   98.0867   44.8445    0.0000    0.0000    1.1733    0.9559    0.2291    0.1984    6.1131    5.4650  0.4176E+03  0.9169E+03 -0.3824E-05 -0.3089E-06  0.1452E+03  0.000
    0.6920  1  1   97.3967   44.7892    0.0000    0.0000    1.1851    0.9641    0.2345    0.2009    6.1208    5.4733  0.3771E+03  0.8923E+03 -0.3979E-05 -0.3186E-06  0.1459E+03  0.000
    0.8657  1  1   96.6752   44.7322    0.0000    0.0000    1.1978    0.9725    0.2406    0.2034    6.1291    5.4820  0.3370E+03  0.8671E+03 -0.4153E-05 -0.3286E-06  0.1467E+03  0.000
    1.0398  1  1   95.9182   44.6732    0.0000    0.0000    1.2118    0.9813    0.2474    0.2061    6.1379    5.4910  0.2975E+03  0.8412E+03 -0.4350E-05 -0.3389E-06  0.1475E+03  0.000
    1.2141  1  1   95.1207   44.6122    0.0000    0.0000    1.2273    0.9904    0.2553    0.2090    6.1472    5.5003  0.2587E+03  0.8144E+03 -0.4573E-05 -0.3495E-06  0.1483E+03  0.000
    1.3889  1  1   94.2772   44.5493    0.0000    0.0000    1.2446    1.0001    0.2645    0.2120    6.1569    5.5100  0.2212E+03  0.7866E+03 -0.4828E-05 -0.3601E-06  0.1492E+03  0.000
    1.5640  1  1   93.3810   44.4844    0.0000    0.0000    1.2637    1.0102    0.2751    0.2152    6.1668    5.5200  0.1853E+03  0.7578E+03 -0.5117E-05 -0.3707E-06  0.1502E+03  0.000
    1.7353  1  1   92.4472   44.4191    0.0000    0.0000    1.2846    1.0207    0.2873    0.2185    6.1768    5.5301  0.1528E+03  0.7285E+03 -0.5449E-05 -0.3809E-06  0.1511E+03  0.000
    1.8942  1  1   91.5228   44.3572    0.0000    0.0000    1.3061    1.0310    0.3004    0.2218    6.1860    5.5398  0.1258E+03  0.7003E+03 -0.5820E-05 -0.3900E-06  0.1521E+03  0.000
    2.0416  1  1   90.6075   44.2986    0.0000    0.0000    1.3280    1.0411    0.3146    0.2252    6.1946    5.5490  0.1044E+03  0.6732E+03 -0.6210E-05 -0.3972E-06  0.1531E+03  0.000
    2.1785  1  1   89.7015   44.2436    0.0000    0.0000    1.3505    1.0510    0.3299    0.2285    6.2023    5.5577  0.8864E+02  0.6473E+03 -0.6619E-05 -0.4021E-06  0.1540E+03  0.000
    2.3058  1  1   88.8044   44.1921    0.0000    0.0000    1.3736    1.0606    0.3466    0.2317    6.2094    5.5661  0.7857E+02  0.6225E+03 -0.7047E-05 -0.4042E-06  0.1549E+03  0.000
    2.4243  1  1   87.9164   44.1444    0.0000    0.0000    1.3973    1.0701    0.3647    0.2350    6.2156    5.5740  0.7395E+02  0.5990E+03 -0.7494E-05 -0.4032E-06  0.1557E+03  0.000
    2.5347  1  1   87.0372   44.1004    0.0000    0.0000    1.4217    1.0793    0.3846    0.2384    6.2212    5.5816  0.7426E+02  0.5767E+03 -0.7962E-05 -0.3983E-06  0.1564E+03  0.000
    2.6377  1  1   86.1669   44.0604    0.0000    0.0000    1.4469    1.0882    0.4066    0.2417    6.2260    5.5887  0.7852E+02  0.5558E+03 -0.8452E-05 -0.3887E-06  0.1571E+03  0.000
    2.7337  1  1   85.3052   44.0245    0.0000    0.0000    1.4731    1.0970    0.4311    0.2452    6.2301    5.5956  0.8517E+02  0.5366E+03 -0.8969E-05 -0.3737E-06  0.1577E+03  0.000
    2.8234  1  1   84.4521   43.9929    0.0000    0.0000    1.5003    1.1056    0.4582    0.2486    6.2335    5.6021  0.9177E+02  0.5192E+03 -0.9515E-05 -0.3519E-06  0.1582E+03  0.000
    2.9071  1  1   83.6076   43.9660    0.0000    0.0000    1.5285    1.1139    0.4882    0.2519    6.2362    5.6083  0.8865E+02  0.5038E+03 -0.1009E-04 -0.3221E-06  0.1588E+03  0.000
    2.9852  1  1   82.7715   43.9438    0.0000    0.0000    1.5577    1.1220    0.5215    0.2553    6.2383    5.6143  0.8713E+02  0.4900E+03 -0.1071E-04 -0.2833E-06  0.1593E+03  0.000
    3.0581  1  1   81.9438   43.9268    0.0000    0.0000    1.5879    1.1299    0.5587    0.2586    6.2398    5.6199  0.8545E+02  0.4781E+03 -0.1136E-04 -0.2333E-06  0.1597E+03  0.000
    3.1261  1  1   81.1244   43.9152    0.0000    0.0000    1.6190    1.1376    0.6001    0.2620    6.2407    5.6254  0.8391E+02  0.4683E+03 -0.1205E-04 -0.1704E-06  0.1601E+03  0.000
    3.1896  1  1   80.3131   43.9094    0.0000    0.0000    1.6509    1.1451    0.6461    0.2655    6.2410    5.6306  0.8249E+02  0.4608E+03 -0.1278E-04 -0.9248E-07  0.1603E+03  0.000
    3.2392  1  1   79.6406   43.9095    0.0000    0.0000    1.6780    1.1511    0.6887    0.2686    6.2408    5.6348  0.8544E+02  0.4567E+03 -0.1356E-04  0.2766E-08  0.1604E+03  0.000
    3.2740  1  1   79.1442   43.9129    0.0000    0.0000    1.6982    1.1556    0.7229    0.2711    6.2404    5.6379  0.8990E+02  0.4557E+03 -0.1423E-04  0.9749E-07  0.1603E+03  0.000
    3.3034  1  1   78.7115   43.9181    0.0000    0.0000    1.7160    1.1594    0.7545    0.2733    6.2399    5.6405  0.9109E+02  0.4566E+03 -0.1475E-04  0.1777E-06  0.1602E+03  0.000
    3.3259  1  1   78.3692   43.9239    0.0000    0.0000    1.7302    1.1624    0.7812    0.2751    6.2393    5.6426  0.9405E+02  0.4585E+03 -0.1522E-04  0.2549E-06  0.1600E+03  0.000
    3.3462  1  1   78.0524   43.9304    0.0000    0.0000    1.7435    1.1651    0.8067    0.2768    6.2388    5.6444  0.9457E+02  0.4614E+03 -0.1559E-04  0.3218E-06  0.1599E+03  0.000
    3.3625  1  1   77.7925   43.9367    0.0000    0.0000    1.7544    1.1673    0.8288    0.2784    6.2383    5.6460  0.9674E+02  0.4645E+03 -0.1595E-04  0.3880E-06  0.1597E+03  0.000
    3.3778  1  1   77.5438   43.9435    0.0000    0.0000    1.7649    1.1695    0.8505    0.2798    6.2377    5.6475  0.9699E+02  0.4683E+03 -0.1624E-04  0.4460E-06  0.1595E+03  0.000
    3.3904  1  1   77.3349   43.9499    0.0000    0.0000    1.7737    1.1712    0.8696    0.2811    6.2372    5.6487  0.9868E+02  0.4720E+03 -0.1653E-04  0.5044E-06  0.1593E+03  0.000
    3.4026  1  1   77.1309   43.9567    0.0000    0.0000    1.7824    1.1730    0.8885    0.2823    6.2367    5.6499  0.9881E+02  0.4763E+03 -0.1677E-04  0.5561E-06  0.1592E+03  0.000
    3.4128  1  1   76.9566   43.9629    0.0000    0.0000    1.7898    1.1744    0.9054    0.2834    6.2362    5.6509  0.1002E+03  0.4804E+03 -0.1701E-04  0.6085E-06  0.1590E+03  0.000
    3.4228  1  1   76.7843   43.9695    0.0000    0.0000    1.7971    1.1759    0.9222    0.2845    6.2358    5.6519  0.1002E+03  0.4849E+03 -0.1722E-04  0.6554E-06  0.1588E+03  0.000
    3.4314  1  1   76.6348   43.9755    0.0000    0.0000    1.8035    1.1772    0.9374    0.2855    6.2353    5.6528  0.1014E+03  0.4892E+03 -0.1743E-04  0.7031E-06  0.1586E+03  0.000
    3.4399  1  1   76.4861   43.9818    0.0000    0.0000    1.8099    1.1784    0.9526    0.2865    6.2349    5.6536  0.1014E+03  0.4938E+03 -0.1761E-04  0.7462E-06  0.1585E+03  0.000
    3.4472  1  1   76.3553   43.9876    0.0000    0.0000    1.8155    1.1795    0.9665    0.2874    6.2345    5.6544  0.1024E+03  0.4982E+03 -0.1780E-04  0.7901E-06  0.1583E+03  0.000
    3.4545  1  1   76.2247   43.9936    0.0000    0.0000    1.8211    1.1806    0.9804    0.2883    6.2341    5.6552  0.1024E+03  0.5029E+03 -0.1796E-04  0.8301E-06  0.1581E+03  0.000
    3.4609  1  1   76.1086   43.9992    0.0000    0.0000    1.8261    1.1816    0.9932    0.2891    6.2337    5.6558  0.1032E+03  0.5073E+03 -0.1812E-04  0.8708E-06  0.1579E+03  0.000
    3.4641  1  1   76.0498   44.0021    0.0000    0.0000    1.8286    1.1820    0.9996    0.2896    6.2335    5.6562  0.1033E+03  0.5096E+03 -0.1826E-04  0.9082E-06  0.1579E+03  0.000
    3.4648  1  1   76.0374   44.0028    0.0000    0.0000    1.8291    1.1821    1.0010    0.2896    6.2334    5.6563  0.1033E+03  0.5101E+03  0.0000E+00  0.0000E+00  0.1578E+03  0.000
    3.4648  1  1   76.0372   44.0028    0.0000    0.0000    1.8291    1.1821    1.0011    0.2897    6.2334    5.6563  0.1039E+03  0.5102E+03 -0.1834E-04  0.9281E-06  0.1578E+03  0.000
    3.4648  1  1   76.0367   44.0028    0.0000    0.0000    1.8291    1.1821    1.0013    0.2897    6.2334    5.6563  0.1045E+03  0.5102E+03 -0.1834E-04  0.9279E-06  0.1578E+03  0.000
    3.4649  1  1   76.0358   44.0028    0.0000    0.0000    1.8292    1.1822    1.0016    0.2898    6.2334    5.6563  0.1057E+03  0.5102E+03 -0.1833E-04  0.9277E-06  0.1578E+03  0.000
    3.4650  1  1   76.0339   44.0029    0.0000    0.0000    1.8293    1.1822    1.0022    0.2899    6.2334    5.6563  0.1075E+03  0.5103E+03 -0.1833E-04  0.9273E-06  0.1577E+03  0.000
    3.4652  1  1   76.0302   44.0031    0.0000    0.0000    1.8294    1.1822    1.0030    0.2901    6.2334    5.6563  0.1094E+03  0.5105E+03 -0.1832E-04  0.9266E-06  0.1576E+03  0.000
    3.4656  1  1   76.0228   44.0035    0.0000    0.0000    1.8297    1.1823    1.0038    0.2901    6.2334    5.6563  0.1094E+03  0.5108E+03 -0.1832E-04  0.9259E-06  0.1576E+03  0.000
    3.4664  1  1   76.0079   44.0043    0.0000    0.0000    1.8304    1.1824    1.0054    0.2902    6.2333    5.6564  0.1091E+03  0.5115E+03 -0.1831E-04  0.9257E-06  0.1576E+03  0.000
    3.4680  1  1   75.9782   44.0058    0.0000    0.0000    1.8317    1.1826    1.0084    0.2903    6.2332    5.6566  0.1086E+03  0.5128E+03 -0.1831E-04  0.9254E-06  0.1576E+03  0.000
    3.4713  1  1   75.9187   44.0088    0.0000    0.0000    1.8342    1.1831    1.0146    0.2906    6.2330    5.6570  0.1077E+03  0.5154E+03 -0.1830E-04  0.9248E-06  0.1576E+03  0.000
    3.4778  1  1   75.7998   44.0148    0.0000    0.0000    1.8394    1.1841    1.0273    0.2911    6.2326    5.6576  0.1057E+03  0.5206E+03 -0.1829E-04  0.9238E-06  0.1576E+03  0.000
    3.4908  1  1   75.5624   44.0268    0.0000    0.0000    1.8500    1.1861    1.0534    0.2923    6.2318    5.6590  0.1019E+03  0.5305E+03 -0.1825E-04  0.9224E-06  0.1576E+03  0.000
    3.5115  1  1   75.1846   44.0460    0.0000    0.0000    1.8672    1.1894    1.0979    0.2942    6.2306    5.6613  0.9765E+02  0.5449E+03 -0.1820E-04  0.9264E-06  0.1575E+03  0.000
    3.5323  1  1   74.8087   44.0661    0.0000    0.0000    1.8453    1.1927    1.0465    0.2965    6.2383    5.6635  0.9545E+02  0.5584E+03 -0.1815E-04  0.9687E-06  0.1573E+03  0.000
    3.5464  1  1   74.5484   44.0795    0.0000    0.0000    1.7335    1.1949    0.8114    0.2984    6.2516    5.6650  0.1408E+03  0.5664E+03 -0.1844E-04  0.9533E-06  0.1569E+03  0.000
    3.5464  1  1   74.5484   44.0795    0.0000    0.0000    1.7335    1.1949    0.8114    0.2984    6.2516    5.6650  0.1408E+03  0.5664E+03 -0.1843E-04  0.9463E-06  0.1569E+03  0.000
    3.5464  1  1   74.5481   44.0795    0.0000    0.0000    1.7333    1.1949    0.8110    0.2984    6.2516    5.6650  0.1404E+03  0.5665E+03 -0.1610E-04  0.3939E-06  0.1569E+03  0.000
    3.5464  2  1   74.5481   44.0795   32.4552    0.0000    1.7166    1.1949    0.7805    0.2984    6.2516    5.6650  0.2623E+03  0.5665E+03 -0.1609E-04  0.3927E-06  0.1569E+03  0.000
    3.5465  2  1   74.5362   44.0804   32.4876    0.0000    1.7982    1.1950    0.9417    0.2984    6.2522    5.6651  0.1924E+03  0.5673E+03 -0.7676E-04  0.5445E-05  0.1570E+03  0.000
    3.5466  2  1   74.5325   44.0807   32.4975    0.0000    1.8230    1.1950    0.9972    0.2984    6.2524    5.6651  0.1746E+03  0.5676E+03 -0.7707E-04  0.6744E-05  0.1570E+03  0.000
    3.5466  2  1   74.5323   44.0807   32.4981    0.0000    1.8246    1.1950    1.0008    0.2984    6.2524    5.6651  0.1735E+03  0.5676E+03  0.0000E+00  0.0000E+00  0.1570E+03  0.000
    3.5466  2  1   74.5323   44.0807   32.4982    0.0000    1.8247    1.1950    1.0011    0.2984    6.2524    5.6651  0.1738E+03  0.5676E+03 -0.7717E-04  0.7193E-05  0.1570E+03  0.000
    3.5466  2  1   74.5322   44.0807   32.4983    0.0000    1.8251    1.1950    1.0019    0.2984    6.2524    5.6651  0.1738E+03  0.5676E+03 -0.7717E-04  0.7193E-05  0.1570E+03  0.000
    3.5466  2  1   74.5321   44.0807   32.4986    0.0000    1.8257    1.1950    1.0034    0.2984    6.2524    5.6651  0.1739E+03  0.5676E+03 -0.7717E-04  0.7193E-05  0.1570E+03  0.000
    3.5466  2  1   74.5320   44.0807   32.4991    0.0000    1.8270    1.1950    1.0064    0.2984    6.2524    5.6651  0.1741E+03  0.5677E+03 -0.7718E-04  0.7194E-05  0.1570E+03  0.000
    3.5466  2  1   74.5316   44.0808   32.5001    0.0000    1.8296    1.1950    1.0125    0.2984    6.2524    5.6651  0.1743E+03  0.5677E+03 -0.7718E-04  0.7194E-05  0.1570E+03  0.000
    3.5466  2  1   74.5308   44.0809   32.5022    0.0000    1.8349    1.1950    1.0247    0.2984    6.2525    5.6651  0.1749E+03  0.5678E+03 -0.7719E-04  0.7196E-05  0.1570E+03  0.000
    3.5466  2  1   74.5293   44.0810   32.5064    0.0000    1.8453    1.1950    1.0496    0.2984    6.2526    5.6651  0.1761E+03  0.5679E+03 -0.7721E-04  0.7198E-05  0.1570E+03  0.000
    3.5467  2  1   74.5262   44.0813   32.5147    0.0000    1.8662    1.1950    1.1013    0.2984    6.2527    5.6651  0.1783E+03  0.5682E+03 -0.7726E-04  0.7207E-05  0.1570E+03  0.000
    3.5467  2  1   74.5200   44.0819   32.5313    0.0000    1.9079    1.1950    1.2125    0.2984    6.2530    5.6651  0.1825E+03  0.5689E+03 -0.7737E-04  0.7249E-05  0.1570E+03  0.000
    3.5469  2  1   74.5079   44.0830   32.5638    0.0000    1.9895    1.1950    1.4629    0.2984    6.2537    5.6651  0.1900E+03  0.5701E+03 -0.7779E-04  0.7531E-05  0.1570E+03  0.000
    3.5471  2  1   74.4954   44.0845   32.5962    0.0000    2.0710    1.1951    1.7650    0.2984    6.2543    5.6652  0.1962E+03  0.5718E+03 -0.8013E-04  0.9588E-05  0.1570E+03  0.000
    3.5472  2  1   74.4821   44.0869   32.6287    0.0000    2.1526    1.1951    2.1296    0.2984    6.2549    5.6652  0.2014E+03  0.5741E+03 -0.8585E-04  0.1504E-04  0.1570E+03  0.000
    3.5474  2  1   74.4670   44.0908   32.6611    0.0000    2.2342    1.1951    2.5696    0.2983    6.2555    5.6653  0.2053E+03  0.5780E+03 -0.9664E-04  0.2554E-04  0.1570E+03  0.000
    3.5475  2  1   74.4493   44.0975   32.6936    0.0000    2.3157    1.1951    3.1006    0.2983    6.2561    5.6654  0.2079E+03  0.5841E+03 -0.1141E-03  0.4276E-04  0.1570E+03  0.000
    3.5477  2  1   74.4275   44.1081   32.7260    0.0000    2.3973    1.1951    3.7416    0.2982    6.2567    5.6656  0.2088E+03  0.5936E+03 -0.1400E-03  0.6836E-04  0.1570E+03  0.000
    3.5478  2  1   74.4001   44.1243   32.7585    0.0000    2.4789    1.1951    4.5156    0.2981    6.2574    5.6658  0.2078E+03  0.6078E+03 -0.1760E-03  0.1040E-03  0.1570E+03  0.000
    3.5480  2  1   74.3653   44.1479   32.7909    0.0000    2.5605    1.1950    5.4503    0.2980    6.2580    5.6661  0.2042E+03  0.6283E+03 -0.2236E-03  0.1513E-03  0.1570E+03  0.000
    3.5482  2  1   74.3210   44.1809   32.8234    0.0000    2.6421    1.1949    6.5798    0.2979    6.2586    5.6666  0.1978E+03  0.6567E+03 -0.2845E-03  0.2120E-03  0.1570E+03  0.000
    3.5483  2  1   74.2649   44.2256   32.8559    0.0000    2.7238    1.1947    7.9454    0.2977    6.2592    5.6672  0.1880E+03  0.6949E+03 -0.3605E-03  0.2876E-03  0.1570E+03  0.000
    3.5485  2  1   74.1944   44.2848   32.8883    0.0000    2.8055    1.1945    9.5978    0.2975    6.2598    5.6680  0.1745E+03  0.7452E+03 -0.4532E-03  0.3800E-03  0.1569E+03  0.000
    3.5486  2  1   74.1065   44.3611   32.9208    0.0000    2.8872    1.1942   11.5996    0.2973    6.2605    5.6690  0.1574E+03  0.8097E+03 -0.5643E-03  0.4907E-03  0.1568E+03  0.000
    3.5488  2  1   73.9983   44.4579   32.9532    0.0000    2.9690    1.1938   14.0283    0.2970    6.2611    5.6702  0.1369E+03  0.8911E+03 -0.6955E-03  0.6215E-03  0.1567E+03  0.000
    3.5489  2  1   73.8662   44.5784   32.9857    0.0000    3.0509    1.1933   16.9808    0.2968    6.2617    5.6718  0.1139E+03  0.9918E+03 -0.8487E-03  0.7743E-03  0.1564E+03  0.000
    3.5491  2  1   73.7066   44.7264   33.0181    0.0000    3.1328    1.1927   20.5790    0.2967    6.2623    5.6737  0.8961E+02  0.1115E+04 -0.1026E-02  0.9509E-03  0.1560E+03  0.000
    3.5492  2  1   73.5154   44.9059   33.0506    0.0000    3.2149    1.1920   24.9771    0.2967    6.2629    5.6761  0.6579E+02  0.1263E+04 -0.1229E-02  0.1153E-02  0.1555E+03  0.000
    3.5494  2  1   73.2882   45.1213   33.0830    0.0000    3.2971    1.1912   30.3703    0.2970    6.2636    5.6789  0.4037E+02  0.1439E+04 -0.1460E-02  0.1384E-02  0.1548E+03  0.000
    3.5495  4  1   73.1135   45.2882   33.1042    0.0000    3.3507    1.1906   34.6019    0.2978    6.2640    5.6810  0.1295E+02  0.1574E+04 -0.1721E-02  0.1645E-02  0.1540E+03  0.000
    3.5496  4  1   72.7480   45.6455   33.1055    0.0000    3.3516    1.1893   35.2901    0.3004    6.2640    5.6856  0.3067E+02  0.1861E+04 -0.3423E-02  0.3347E-02  0.1517E+03  0.000
    3.5497  4  1   72.3842   46.0012   33.1067    0.0000    3.3525    1.1881   35.9233    0.3026    6.2640    5.6901  0.4359E+02  0.2141E+04 -0.3480E-02  0.3403E-02  0.1497E+03  0.000
    3.5498  4  1   72.0223   46.3552   33.1079    0.0000    3.3533    1.1871   36.4031    0.3036    6.2640    5.6946  0.5265E+02  0.2199E+04 -0.3532E-02  0.3454E-02  0.1484E+03  0.000
    3.5499  4  1   71.6622   46.7074   33.1091    0.0000    3.3542    1.1861   36.8311    0.3041    6.2641    5.6990  0.5900E+02  0.2215E+04 -0.3571E-02  0.3493E-02  0.1474E+03  0.000
    3.5500  4  1   71.3039   47.0579   33.1103    0.0000    3.3550    1.1851   37.2366    0.3044    6.2641    5.7034  0.6347E+02  0.2231E+04 -0.3606E-02  0.3527E-02  0.1464E+03  0.000
    3.5501  4  1   70.9474   47.4067   33.1114    0.0000    3.3559    1.1843   37.6256    0.3047    6.2641    5.7078  0.6659E+02  0.2247E+04 -0.3639E-02  0.3560E-02  0.1456E+03  0.000
    3.5502  4  1   70.5926   47.7538   33.1126    0.0000    3.3568    1.1835   38.0019    0.3048    6.2641    5.7121  0.6876E+02  0.2261E+04 -0.3670E-02  0.3591E-02  0.1448E+03  0.000
    3.5503  4  1   70.2397   48.0991   33.1137    0.0000    3.3576    1.1828   38.3685    0.3050    6.2641    5.7164  0.7026E+02  0.2276E+04 -0.3700E-02  0.3621E-02  0.1441E+03  0.000
    3.5504  4  1   69.8885   48.4428   33.1148    0.0000    3.3584    1.1821   38.7271    0.3051    6.2642    5.7207  0.7127E+02  0.2290E+04 -0.3730E-02  0.3649E-02  0.1434E+03  0.000
    3.5505  4  1   69.5390   48.7847   33.1159    0.0000    3.3593    1.1815   39.0791    0.3051    6.2642    5.7249  0.7195E+02  0.2303E+04 -0.3758E-02  0.3678E-02  0.1428E+03  0.000
    3.5506  4  1   69.1913   49.1250   33.1170    0.0000    3.3601    1.1810   39.4253    0.3052    6.2642    5.7290  0.7237E+02  0.2316E+04 -0.3786E-02  0.3705E-02  0.1422E+03  0.000
    3.5507  4  1   68.8454   49.4635   33.1181    0.0000    3.3610    1.1805   39.7663    0.3052    6.2642    5.7332  0.7261E+02  0.2328E+04 -0.3814E-02  0.3732E-02  0.1416E+03  0.000
    3.5508  4  1   68.5012   49.8004   33.1192    0.0000    3.3618    1.1800   40.1025    0.3052    6.2642    5.7373  0.7271E+02  0.2340E+04 -0.3841E-02  0.3759E-02  0.1410E+03  0.000
    3.5508  4  1   68.1587   50.1356   33.1202    0.0000    3.3627    1.1796   40.4342    0.3052    6.2643    5.7413  0.7271E+02  0.2352E+04 -0.3867E-02  0.3785E-02  0.1405E+03  0.000
    3.5509  4  1   67.8179   50.4691   33.1212    0.0000    3.3635    1.1792   40.7615    0.3052    6.2643    5.7453  0.7263E+02  0.2363E+04 -0.3893E-02  0.3810E-02  0.1400E+03  0.000
    3.5510  4  1   67.4788   50.8010   33.1223    0.0000    3.3643    1.1789   41.0845    0.3052    6.2643    5.7493  0.7249E+02  0.2374E+04 -0.3919E-02  0.3836E-02  0.1395E+03  0.000
    3.5511  4  1   67.1414   51.1312   33.1233    0.0000    3.3652    1.1786   41.4033    0.3051    6.2643    5.7532  0.7230E+02  0.2385E+04 -0.3944E-02  0.3860E-02  0.1390E+03  0.000
    3.5512  4  1   66.8057   51.4598   33.1243    0.0000    3.3660    1.1783   41.7180    0.3051    6.2643    5.7571  0.7206E+02  0.2395E+04 -0.3969E-02  0.3885E-02  0.1386E+03  0.000
    3.5513  4  1   66.4716   51.7868   33.1253    0.0000    3.3668    1.1781   42.0286    0.3050    6.2643    5.7610  0.7178E+02  0.2405E+04 -0.3993E-02  0.3909E-02  0.1382E+03  0.000
    3.5514  4  1   66.1393   52.1121   33.1263    0.0000    3.3676    1.1778   42.3350    0.3049    6.2644    5.7648  0.7147E+02  0.2415E+04 -0.4017E-02  0.3932E-02  0.1378E+03  0.000
    3.5514  4  1   65.8086   52.4358   33.1272    0.0000    3.3685    1.1777   42.6373    0.3048    6.2644    5.7686  0.7113E+02  0.2424E+04 -0.4041E-02  0.3956E-02  0.1374E+03  0.000
    3.5515  4  1   65.4795   52.7579   33.1282    0.0000    3.3693    1.1775   42.9355    0.3047    6.2644    5.7724  0.7076E+02  0.2434E+04 -0.4064E-02  0.3978E-02  0.1370E+03  0.000
    3.5516  4  1   65.1521   53.0784   33.1291    0.0000    3.3701    1.1774   43.2295    0.3046    6.2644    5.7761  0.7036E+02  0.2442E+04 -0.4087E-02  0.4001E-02  0.1367E+03  0.000
    3.5517  4  1   64.8264   53.3972   33.1301    0.0000    3.3709    1.1773   43.5194    0.3045    6.2644    5.7798  0.6994E+02  0.2451E+04 -0.4110E-02  0.4023E-02  0.1364E+03  0.000
    3.5518  4  1   64.5023   53.7145   33.1310    0.0000    3.3717    1.1772   43.8051    0.3043    6.2645    5.7834  0.6949E+02  0.2459E+04 -0.4132E-02  0.4045E-02  0.1361E+03  0.000
    3.5518  4  1   64.1797   54.0303   33.1319    0.0000    3.3725    1.1771   44.0867    0.3041    6.2645    5.7870  0.6902E+02  0.2468E+04 -0.4154E-02  0.4066E-02  0.1358E+03  0.000
    3.5519  4  1   63.8588   54.3444   33.1328    0.0000    3.3733    1.1771   44.3641    0.3039    6.2645    5.7906  0.6853E+02  0.2476E+04 -0.4175E-02  0.4087E-02  0.1355E+03  0.000
    3.5520  4  1   63.5395   54.6570   33.1337    0.0000    3.3741    1.1770   44.6373    0.3037    6.2645    5.7941  0.6801E+02  0.2483E+04 -0.4196E-02  0.4108E-02  0.1352E+03  0.000
    3.5521  4  1   63.2219   54.9680   33.1346    0.0000    3.3749    1.1770   44.9063    0.3035    6.2645    5.7977  0.6748E+02  0.2491E+04 -0.4217E-02  0.4128E-02  0.1350E+03  0.000
    3.5521  4  1   62.9057   55.2774   33.1355    0.0000    3.3757    1.1770   45.1711    0.3033    6.2645    5.8011  0.6692E+02  0.2498E+04 -0.4237E-02  0.4148E-02  0.1348E+03  0.000
    3.5522  4  1   62.5912   55.5853   33.1364    0.0000    3.3765    1.1771   45.4317    0.3030    6.2646    5.8046  0.6634E+02  0.2505E+04 -0.4257E-02  0.4167E-02  0.1346E+03  0.000
    3.5523  4  1   62.2783   55.8917   33.1372    0.0000    3.3773    1.1771   45.6881    0.3027    6.2646    5.8080  0.6575E+02  0.2512E+04 -0.4277E-02  0.4187E-02  0.1344E+03  0.000
    3.5524  4  1   61.9669   56.1965   33.1381    0.0000    3.3781    1.1772   45.9402    0.3024    6.2646    5.8114  0.6513E+02  0.2519E+04 -0.4296E-02  0.4206E-02  0.1342E+03  0.000
    3.5524  4  1   61.6570   56.4998   33.1390    0.0000    3.3789    1.1772   46.1881    0.3021    6.2646    5.8147  0.6450E+02  0.2525E+04 -0.4315E-02  0.4224E-02  0.1340E+03  0.000
    3.5525  4  1   61.3487   56.8016   33.1398    0.0000    3.3797    1.1773   46.4317    0.3018    6.2646    5.8181  0.6385E+02  0.2531E+04 -0.4334E-02  0.4242E-02  0.1339E+03  0.000
    3.5526  4  1   61.0420   57.1019   33.1406    0.0000    3.3805    1.1774   46.6711    0.3015    6.2646    5.8213  0.6318E+02  0.2538E+04 -0.4352E-02  0.4260E-02  0.1338E+03  0.000
    3.5526  4  1   60.7368   57.4007   33.1415    0.0000    3.3813    1.1775   46.9062    0.3011    6.2646    5.8246  0.6250E+02  0.2544E+04 -0.4370E-02  0.4278E-02  0.1336E+03  0.000
    3.5527  4  1   60.4331   57.6980   33.1423    0.0000    3.3820    1.1776   47.1371    0.3007    6.2647    5.8278  0.6180E+02  0.2549E+04 -0.4387E-02  0.4295E-02  0.1335E+03  0.000
    3.5528  4  1   60.1309   57.9938   33.1431    0.0000    3.3828    1.1778   47.3637    0.3003    6.2647    5.8310  0.6109E+02  0.2555E+04 -0.4404E-02  0.4312E-02  0.1334E+03  0.000
    3.5528  4  1   59.8303   58.2881   33.1439    0.0000    3.3836    1.1779   47.5861    0.2999    6.2647    5.8342  0.6036E+02  0.2561E+04 -0.4421E-02  0.4328E-02  0.1333E+03  0.000
    3.5529  4  1   59.5311   58.5809   33.1447    0.0000    3.3844    1.1781   47.8042    0.2995    6.2647    5.8373  0.5963E+02  0.2566E+04 -0.4438E-02  0.4344E-02  0.1333E+03  0.000
    3.5530  4  1   59.2335   58.8723   33.1455    0.0000    3.3851    1.1782   48.0180    0.2990    6.2647    5.8404  0.5887E+02  0.2571E+04 -0.4454E-02  0.4360E-02  0.1332E+03  0.000
    3.5530  4  1   58.9373   59.1622   33.1463    0.0000    3.3859    1.1784   48.2275    0.2986    6.2647    5.8435  0.5811E+02  0.2576E+04 -0.4470E-02  0.4375E-02  0.1332E+03  0.000
    3.5531  4  1   58.6426   59.4506   33.1470    0.0000    3.3866    1.1786   48.4328    0.2981    6.2647    5.8466  0.5733E+02  0.2581E+04 -0.4485E-02  0.4391E-02  0.1331E+03  0.000
    3.5532  4  1   58.3494   59.7377   33.1478    0.0000    3.3874    1.1787   48.6339    0.2976    6.2648    5.8496  0.5655E+02  0.2586E+04 -0.4501E-02  0.4406E-02  0.1331E+03  0.000
    3.5532  4  1   58.0577   60.0232   33.1486    0.0000    3.3881    1.1789   48.8307    0.2971    6.2648    5.8526  0.5575E+02  0.2591E+04 -0.4516E-02  0.4420E-02  0.1331E+03  0.000
    3.5533  4  1   57.7674   60.3074   33.1493    0.0000    3.3889    1.1791   49.0232    0.2966    6.2648    5.8556  0.5494E+02  0.2596E+04 -0.4530E-02  0.4434E-02  0.1331E+03  0.000
    3.5534  4  1   57.4785   60.5901   33.1501    0.0000    3.3896    1.1793   49.2114    0.2960    6.2648    5.8585  0.5413E+02  0.2600E+04 -0.4544E-02  0.4448E-02  0.1331E+03  0.000
    3.5534  4  1   57.1911   60.8714   33.1508    0.0000    3.3904    1.1795   49.3955    0.2954    6.2648    5.8614  0.5331E+02  0.2604E+04 -0.4558E-02  0.4462E-02  0.1332E+03  0.000
    3.5535  4  1   56.9052   61.1513   33.1516    0.0000    3.3911    1.1798   49.5752    0.2949    6.2648    5.8643  0.5248E+02  0.2609E+04 -0.4572E-02  0.4475E-02  0.1332E+03  0.000
    3.5536  4  1   56.6207   61.4298   33.1523    0.0000    3.3918    1.1800   49.7508    0.2943    6.2648    5.8672  0.5164E+02  0.2613E+04 -0.4585E-02  0.4488E-02  0.1332E+03  0.000
    3.5536  4  1   56.3376   61.7069   33.1530    0.0000    3.3926    1.1802   49.9220    0.2937    6.2649    5.8700  0.5080E+02  0.2617E+04 -0.4598E-02  0.4501E-02  0.1333E+03  0.000
    3.5537  4  1   56.0559   61.9826   33.1538    0.0000    3.3933    1.1804   50.0891    0.2930    6.2649    5.8728  0.4995E+02  0.2621E+04 -0.4611E-02  0.4513E-02  0.1334E+03  0.000
    3.5537  4  1   55.7756   62.2569   33.1545    0.0000    3.3940    1.1807   50.2519    0.2924    6.2649    5.8756  0.4910E+02  0.2625E+04 -0.4623E-02  0.4525E-02  0.1335E+03  0.000
    3.5538  4  1   55.4967   62.5298   33.1552    0.0000    3.3947    1.1809   50.4105    0.2918    6.2649    5.8784  0.4825E+02  0.2629E+04 -0.4636E-02  0.4537E-02  0.1335E+03  0.000
    3.5539  4  1   55.2192   62.8014   33.1559    0.0000    3.3955    1.1812   50.5649    0.2911    6.2649    5.8811  0.4739E+02  0.2632E+04 -0.4647E-02  0.4548E-02  0.1336E+03  0.000
    3.5539  4  1   54.9431   63.0716   33.1566    0.0000    3.3962    1.1814   50.7151    0.2904    6.2649    5.8839  0.4653E+02  0.2636E+04 -0.4659E-02  0.4559E-02  0.1338E+03  0.000
    3.5540  4  1   54.6684   63.3404   33.1573    0.0000    3.3969    1.1817   50.8611    0.2897    6.2649    5.8865  0.4566E+02  0.2639E+04 -0.4670E-02  0.4570E-02  0.1339E+03  0.000
    3.5540  4  1   54.3951   63.6079   33.1580    0.0000    3.3976    1.1819   51.0029    0.2890    6.2650    5.8892  0.4480E+02  0.2643E+04 -0.4681E-02  0.4581E-02  0.1340E+03  0.000
    3.5541  4  1   54.1231   63.8741   33.1587    0.0000    3.3983    1.1822   51.1404    0.2883    6.2650    5.8919  0.4393E+02  0.2646E+04 -0.4692E-02  0.4591E-02  0.1342E+03  0.000
    3.5542  4  1   53.8525   64.1389   33.1594    0.0000    3.3990    1.1825   51.2739    0.2875    6.2650    5.8945  0.4307E+02  0.2649E+04 -0.4702E-02  0.4601E-02  0.1343E+03  0.000
    3.5542  4  1   53.5832   64.4024   33.1600    0.0000    3.3997    1.1827   51.4031    0.2868    6.2650    5.8971  0.4220E+02  0.2653E+04 -0.4712E-02  0.4611E-02  0.1345E+03  0.000
    3.5543  4  1   53.3153   64.6645   33.1607    0.0000    3.4003    1.1830   51.5282    0.2860    6.2650    5.8997  0.4134E+02  0.2656E+04 -0.4722E-02  0.4620E-02  0.1346E+03  0.000
    3.5543  4  1   53.0487   64.9253   33.1614    0.0000    3.4010    1.1833   51.6491    0.2853    6.2650    5.9022  0.4047E+02  0.2659E+04 -0.4731E-02  0.4629E-02  0.1348E+03  0.000
    3.5544  4  1   52.7835   65.1849   33.1620    0.0000    3.4017    1.1836   51.7658    0.2845    6.2650    5.9047  0.3961E+02  0.2662E+04 -0.4740E-02  0.4638E-02  0.1350E+03  0.000
    3.5544  4  1   52.5196   65.4431   33.1627    0.0000    3.4024    1.1838   51.8784    0.2837    6.2650    5.9073  0.3876E+02  0.2665E+04 -0.4749E-02  0.4647E-02  0.1352E+03  0.000
    3.5545  4  1   52.2570   65.7000   33.1634    0.0000    3.4030    1.1841   51.9869    0.2829    6.2650    5.9097  0.3790E+02  0.2667E+04 -0.4758E-02  0.4655E-02  0.1354E+03  0.000
    3.5545  4  1   51.9957   65.9557   33.1640    0.0000    3.4037    1.1844   52.0912    0.2820    6.2651    5.9122  0.3705E+02  0.2670E+04 -0.4766E-02  0.4663E-02  0.1356E+03  0.000
    3.5546  4  1   51.7357   66.2100   33.1646    0.0000    3.4043    1.1847   52.1914    0.2812    6.2651    5.9147  0.3621E+02  0.2673E+04 -0.4774E-02  0.4671E-02  0.1359E+03  0.000
    3.5547  4  1   51.4770   66.4631   33.1653    0.0000    3.4050    1.1850   52.2875    0.2804    6.2651    5.9171  0.3537E+02  0.2675E+04 -0.4782E-02  0.4678E-02  0.1361E+03  0.000
    3.5547  4  1   51.2196   66.7149   33.1659    0.0000    3.4056    1.1853   52.3795    0.2795    6.2651    5.9195  0.3453E+02  0.2678E+04 -0.4789E-02  0.4685E-02  0.1364E+03  0.000
    3.5548  4  1   50.9636   66.9654   33.1666    0.0000    3.4063    1.1856   52.4674    0.2786    6.2651    5.9219  0.3370E+02  0.2681E+04 -0.4796E-02  0.4692E-02  0.1366E+03  0.000
    3.5548  4  1   50.7087   67.2147   33.1672    0.0000    3.4069    1.1859   52.5512    0.2777    6.2651    5.9242  0.3288E+02  0.2683E+04 -0.4803E-02  0.4699E-02  0.1369E+03  0.000
    3.5549  4  1   50.4552   67.4627   33.1678    0.0000    3.4075    1.1862   52.6309    0.2769    6.2651    5.9266  0.3206E+02  0.2685E+04 -0.4810E-02  0.4705E-02  0.1371E+03  0.000
    3.5549  4  1   50.2029   67.7095   33.1684    0.0000    3.4081    1.1864   52.7065    0.2760    6.2651    5.9289  0.3126E+02  0.2688E+04 -0.4816E-02  0.4711E-02  0.1374E+03  0.000
    3.5550  4  1   49.9519   67.9550   33.1690    0.0000    3.4088    1.1867   52.7781    0.2750    6.2652    5.9312  0.3045E+02  0.2690E+04 -0.4822E-02  0.4717E-02  0.1377E+03  0.000
    3.5550  4  1   49.7021   68.1993   33.1697    0.0000    3.4094    1.1870   52.8456    0.2741    6.2652    5.9335  0.2966E+02  0.2692E+04 -0.4828E-02  0.4722E-02  0.1380E+03  0.000
    3.5551  4  1   49.4536   68.4424   33.1703    0.0000    3.4100    1.1873   52.9090    0.2732    6.2652    5.9358  0.2888E+02  0.2694E+04 -0.4834E-02  0.4728E-02  0.1383E+03  0.000
    3.5551  4  1   49.2064   68.6842   33.1709    0.0000    3.4106    1.1876   52.9683    0.2723    6.2652    5.9380  0.2810E+02  0.2696E+04 -0.4839E-02  0.4733E-02  0.1386E+03  0.000
    3.5552  4  1   48.9603   68.9248   33.1715    0.0000    3.4111    1.1879   53.0237    0.2713    6.2652    5.9403  0.2734E+02  0.2699E+04 -0.4844E-02  0.4737E-02  0.1390E+03  0.000
    3.5552  4  1   48.7155   69.1642   33.1721    0.0000    3.4117    1.1883   53.0749    0.2703    6.2652    5.9425  0.2658E+02  0.2701E+04 -0.4849E-02  0.4742E-02  0.1393E+03  0.000
    3.5553  4  1   48.4719   69.4025   33.1727    0.0000    3.4123    1.1886   53.1221    0.2694    6.2652    5.9447  0.2583E+02  0.2703E+04 -0.4853E-02  0.4746E-02  0.1397E+03  0.000
    3.5553  4  1   48.2296   69.6395   33.1733    0.0000    3.4129    1.1889   53.1653    0.2684    6.2652    5.9468  0.2510E+02  0.2704E+04 -0.4857E-02  0.4750E-02  0.1400E+03  0.000
    3.5554  4  1   47.9884   69.8753   33.1738    0.0000    3.4134    1.1892   53.2044    0.2674    6.2652    5.9490  0.2437E+02  0.2706E+04 -0.4861E-02  0.4754E-02  0.1404E+03  0.000
    3.5554  4  1   47.7485   70.1099   33.1744    0.0000    3.4140    1.1895   53.2395    0.2664    6.2653    5.9511  0.2366E+02  0.2708E+04 -0.4865E-02  0.4757E-02  0.1407E+03  0.000
    3.5555  4  1   47.5098   70.3434   33.1750    0.0000    3.4145    1.1898   53.2705    0.2654    6.2653    5.9533  0.2295E+02  0.2710E+04 -0.4868E-02  0.4760E-02  0.1411E+03  0.000
    3.5555  4  1   47.2722   70.5756   33.1756    0.0000    3.4150    1.1901   53.2975    0.2644    6.2653    5.9554  0.2226E+02  0.2712E+04 -0.4871E-02  0.4763E-02  0.1415E+03  0.000
    3.5556  4  1   47.0358   70.8067   33.1762    0.0000    3.4156    1.1904   53.3205    0.2634    6.2653    5.9575  0.2158E+02  0.2714E+04 -0.4874E-02  0.4766E-02  0.1419E+03  0.000
    3.5556  4  1   46.8007   71.0367   33.1767    0.0000    3.4161    1.1907   53.3394    0.2624    6.2653    5.9595  0.2091E+02  0.2715E+04 -0.4877E-02  0.4768E-02  0.1423E+03  0.000
    3.5557  4  1   46.5667   71.2655   33.1773    0.0000    3.4166    1.1910   53.3543    0.2613    6.2653    5.9616  0.2025E+02  0.2717E+04 -0.4879E-02  0.4770E-02  0.1427E+03  0.000
    3.5557  4  1   46.3338   71.4931   33.1779    0.0000    3.4171    1.1913   53.3652    0.2603    6.2653    5.9636  0.1960E+02  0.2718E+04 -0.4881E-02  0.4772E-02  0.1431E+03  0.000
    3.5558  4  1   46.1022   71.7196   33.1784    0.0000    3.4176    1.1916   53.3720    0.2593    6.2653    5.9656  0.1897E+02  0.2720E+04 -0.4883E-02  0.4774E-02  0.1436E+03  0.000
    3.5558  4  1   45.8717   71.9449   33.1790    0.0000    3.4180    1.1919   53.3747    0.2582    6.2653    5.9677  0.1834E+02  0.2722E+04 -0.4885E-02  0.4775E-02  0.1440E+03  0.000
    3.5559  4  1   45.6423   72.1692   33.1795    0.0000    3.4185    1.1922   53.3734    0.2572    6.2653    5.9696  0.1773E+02  0.2723E+04 -0.4886E-02  0.4776E-02  0.1444E+03  0.000
    3.5559  4  1   45.4141   72.3922   33.1801    0.0000    3.4190    1.1925   53.3681    0.2561    6.2654    5.9716  0.1714E+02  0.2724E+04 -0.4887E-02  0.4777E-02  0.1449E+03  0.000
    3.5560  4  1   45.1870   72.6142   33.1806    0.0000    3.4194    1.1928   53.3586    0.2550    6.2654    5.9736  0.1655E+02  0.2726E+04 -0.4888E-02  0.4778E-02  0.1453E+03  0.000
    3.5560  4  1   44.9611   72.8350   33.1812    0.0000    3.4198    1.1931   53.3451    0.2540    6.2654    5.9755  0.1598E+02  0.2727E+04 -0.4888E-02  0.4778E-02  0.1458E+03  0.000
    3.5560  4  1   44.7363   73.0548   33.1817    0.0000    3.4203    1.1934   53.3274    0.2529    6.2654    5.9775  0.1542E+02  0.2729E+04 -0.4888E-02  0.4778E-02  0.1463E+03  0.000
    3.5561  4  1   44.5126   73.2734   33.1823    0.0000    3.4207    1.1938   53.3056    0.2518    6.2654    5.9794  0.1487E+02  0.2730E+04 -0.4888E-02  0.4778E-02  0.1468E+03  0.000
    3.5561  4  1   44.2900   73.4909   33.1828    0.0000    3.4211    1.1941   53.2798    0.2507    6.2654    5.9813  0.1433E+02  0.2731E+04 -0.4888E-02  0.4777E-02  0.1473E+03  0.000
    3.5562  4  1   44.0686   73.7074   33.1834    0.0000    3.4215    1.1944   53.2497    0.2496    6.2654    5.9831  0.1381E+02  0.2733E+04 -0.4887E-02  0.4776E-02  0.1478E+03  0.000
    3.5562  4  1   43.8482   73.9227   33.1839    0.0000    3.4218    1.1947   53.2155    0.2485    6.2654    5.9850  0.1330E+02  0.2734E+04 -0.4886E-02  0.4775E-02  0.1483E+03  0.000
    3.5563  4  1   43.6290   74.1369   33.1844    0.0000    3.4222    1.1950   53.1771    0.2474    6.2654    5.9869  0.1280E+02  0.2735E+04 -0.4885E-02  0.4774E-02  0.1488E+03  0.000
    3.5563  4  1   43.4108   74.3501   33.1850    0.0000    3.4225    1.1953   53.1344    0.2463    6.2654    5.9887  0.1231E+02  0.2736E+04 -0.4884E-02  0.4773E-02  0.1493E+03  0.000
    3.5564  4  1   43.1938   74.5622   33.1855    0.0000    3.4229    1.1956   53.0875    0.2452    6.2655    5.9905  0.1184E+02  0.2737E+04 -0.4882E-02  0.4771E-02  0.1499E+03  0.000
    3.5564  4  1   42.9778   74.7732   33.1860    0.0000    3.4232    1.1959   53.0364    0.2441    6.2655    5.9924  0.1138E+02  0.2738E+04 -0.4880E-02  0.4769E-02  0.1504E+03  0.000
    3.5564  4  1   42.7629   74.9832   33.1865    0.0000    3.4235    1.1962   52.9809    0.2430    6.2655    5.9941  0.1093E+02  0.2740E+04 -0.4878E-02  0.4766E-02  0.1510E+03  0.000
    3.5565  4  1   42.5491   75.1921   33.1870    0.0000    3.4238    1.1965   52.9211    0.2418    6.2655    5.9959  0.1049E+02  0.2741E+04 -0.4875E-02  0.4764E-02  0.1515E+03  0.000
    3.5565  4  1   42.3364   75.4000   33.1876    0.0000    3.4240    1.1968   52.8568    0.2407    6.2655    5.9977  0.1006E+02  0.2742E+04 -0.4873E-02  0.4761E-02  0.1521E+03  0.000
    3.5566  4  1   42.1247   75.6068   33.1881    0.0000    3.4243    1.1971   52.7881    0.2396    6.2655    5.9995  0.9649E+01  0.2743E+04 -0.4869E-02  0.4757E-02  0.1527E+03  0.000
    3.5566  4  1   41.9141   75.8126   33.1886    0.0000    3.4245    1.1974   52.7150    0.2385    6.2655    6.0012  0.9247E+01  0.2744E+04 -0.4866E-02  0.4754E-02  0.1533E+03  0.000
    3.5567  4  1   41.7045   76.0173   33.1891    0.0000    3.4247    1.1977   52.6372    0.2373    6.2655    6.0029  0.8857E+01  0.2745E+04 -0.4862E-02  0.4750E-02  0.1539E+03  0.000
    3.5567  4  1   41.4960   76.2210   33.1896    0.0000    3.4249    1.1980   52.5549    0.2362    6.2655    6.0047  0.8477E+01  0.2746E+04 -0.4858E-02  0.4746E-02  0.1545E+03  0.000
    3.5568  4  1   41.2885   76.4237   33.1901    0.0000    3.4251    1.1983   52.4679    0.2351    6.2655    6.0064  0.8110E+01  0.2747E+04 -0.4854E-02  0.4742E-02  0.1551E+03  0.000
    3.5568  4  1   41.0821   76.6253   33.1906    0.0000    3.4252    1.1986   52.3761    0.2339    6.2655    6.0080  0.7753E+01  0.2747E+04 -0.4849E-02  0.4737E-02  0.1557E+03  0.000
    3.5568  4  1   40.8766   76.8260   33.1911    0.0000    3.4253    1.1989   52.2794    0.2328    6.2656    6.0097  0.7407E+01  0.2748E+04 -0.4844E-02  0.4732E-02  0.1563E+03  0.000
    3.5569  4  1   40.6723   77.0256   33.1916    0.0000    3.4254    1.1992   52.1779    0.2316    6.2656    6.0114  0.7072E+01  0.2749E+04 -0.4839E-02  0.4727E-02  0.1570E+03  0.000
    3.5569  4  1   40.4689   77.2242   33.1921    0.0000    3.4255    1.1995   52.0713    0.2305    6.2656    6.0130  0.6748E+01  0.2750E+04 -0.4834E-02  0.4721E-02  0.1576E+03  0.000
    3.5570  4  1   40.2666   77.4219   33.1926    0.0000    3.4255    1.1998   51.9596    0.2293    6.2656    6.0147  0.6434E+01  0.2751E+04 -0.4828E-02  0.4715E-02  0.1583E+03  0.000
    3.5570  4  1   40.0652   77.6185   33.1931    0.0000    3.4255    1.2001   51.8426    0.2282    6.2656    6.0163  0.6130E+01  0.2752E+04 -0.4821E-02  0.4709E-02  0.1589E+03  0.000
    3.5570  4  1   39.8649   77.8141   33.1936    0.0000    3.4255    1.2004   51.7203    0.2270    6.2656    6.0179  0.5836E+01  0.2752E+04 -0.4815E-02  0.4702E-02  0.1596E+03  0.000
    3.5571  4  1   39.6656   78.0088   33.1941    0.0000    3.4255    1.2006   51.5924    0.2259    6.2656    6.0195  0.5552E+01  0.2753E+04 -0.4808E-02  0.4695E-02  0.1603E+03  0.000
    3.5571  4  1   39.4672   78.2024   33.1946    0.0000    3.4254    1.2009   51.4588    0.2247    6.2656    6.0211  0.5278E+01  0.2754E+04 -0.4800E-02  0.4687E-02  0.1609E+03  0.000
    3.5572  4  1   39.2699   78.3951   33.1951    0.0000    3.4253    1.2012   51.3194    0.2236    6.2656    6.0227  0.5013E+01  0.2755E+04 -0.4792E-02  0.4680E-02  0.1616E+03  0.000
    3.5572  4  1   39.0736   78.5868   33.1956    0.0000    3.4251    1.2015   51.1739    0.2224    6.2656    6.0243  0.4758E+01  0.2755E+04 -0.4784E-02  0.4671E-02  0.1623E+03  0.000
    3.5573  4  1   38.8782   78.7776   33.1960    0.0000    3.4249    1.2018   51.0221    0.2212    6.2656    6.0258  0.4512E+01  0.2756E+04 -0.4776E-02  0.4663E-02  0.1631E+03  0.000
    3.5573  4  1   38.6838   78.9674   33.1965    0.0000    3.4247    1.2021   50.8638    0.2201    6.2657    6.0274  0.4274E+01  0.2757E+04 -0.4767E-02  0.4654E-02  0.1638E+03  0.000
    3.5573  4  1   38.4904   79.1562   33.1970    0.0000    3.4244    1.2024   50.6987    0.2189    6.2657    6.0289  0.4046E+01  0.2757E+04 -0.4757E-02  0.4644E-02  0.1645E+03  0.000
    3.5574  4  1   38.2979   79.3441   33.1975    0.0000    3.4240    1.2027   50.5265    0.2178    6.2657    6.0304  0.3825E+01  0.2758E+04 -0.4747E-02  0.4634E-02  0.1652E+03  0.000
    3.5574  4  1   38.1064   79.5310   33.1980    0.0000    3.4236    1.2030   50.3468    0.2166    6.2657    6.0320  0.3613E+01  0.2759E+04 -0.4737E-02  0.4624E-02  0.1660E+03  0.000
    3.5575  4  1   37.9159   79.7170   33.1984    0.0000    3.4232    1.2032   50.1594    0.2154    6.2657    6.0335  0.3410E+01  0.2759E+04 -0.4726E-02  0.4613E-02  0.1668E+03  0.000
    3.5575  4  1   37.7263   79.9021   33.1989    0.0000    3.4227    1.2035   49.9637    0.2143    6.2657    6.0350  0.3214E+01  0.2760E+04 -0.4714E-02  0.4601E-02  0.1675E+03  0.000
    3.5575  4  1   37.5377   80.0862   33.1994    0.0000    3.4221    1.2038   49.7592    0.2131    6.2657    6.0364  0.3025E+01  0.2760E+04 -0.4702E-02  0.4589E-02  0.1683E+03  0.000
    3.5576  4  1   37.3500   80.2694   33.1999    0.0000    3.4214    1.2041   49.5454    0.2120    6.2657    6.0379  0.2844E+01  0.2761E+04 -0.4689E-02  0.4577E-02  0.1691E+03  0.000
    3.5576  4  1   37.1633   80.4516   33.2003    0.0000    3.4207    1.2044   49.3215    0.2108    6.2657    6.0394  0.2671E+01  0.2762E+04 -0.4676E-02  0.4563E-02  0.1699E+03  0.000
    3.5577  4  1   36.9774   80.6329   33.2008    0.0000    3.4198    1.2046   49.0870    0.2097    6.2657    6.0408  0.2504E+01  0.2762E+04 -0.4662E-02  0.4549E-02  0.1707E+03  0.000
    3.5577  4  1   36.7926   80.8134   33.2013    0.0000    3.4189    1.2049   48.8407    0.2085    6.2657    6.0423  0.2345E+01  0.2763E+04 -0.4647E-02  0.4534E-02  0.1715E+03  0.000
    3.5577  4  1   36.6086   80.9929   33.2018    0.0000    3.4179    1.2052   48.5818    0.2073    6.2658    6.0437  0.2192E+01  0.2763E+04 -0.4631E-02  0.4519E-02  0.1723E+03  0.000
    3.5578  4  1   36.4255   81.1715   33.2022    0.0000    3.4167    1.2055   48.3088    0.2062    6.2658    6.0451  0.2046E+01  0.2764E+04 -0.4614E-02  0.4502E-02  0.1731E+03  0.000
    3.5578  4  1   36.2434   81.3492   33.2027    0.0000    3.4154    1.2057   48.0202    0.2050    6.2658    6.0465  0.1906E+01  0.2764E+04 -0.4597E-02  0.4484E-02  0.1740E+03  0.000
    3.5579  4  1   36.0622   81.5259   33.2032    0.0000    3.4139    1.2060   47.7142    0.2039    6.2658    6.0479  0.1772E+01  0.2765E+04 -0.4578E-02  0.4466E-02  0.1748E+03  0.000
    3.5579  4  1   35.8819   81.7018   33.2036    0.0000    3.4123    1.2063   47.3883    0.2027    6.2658    6.0493  0.1644E+01  0.2765E+04 -0.4558E-02  0.4446E-02  0.1756E+03  0.000
    3.5579  4  1   35.7025   81.8768   33.2041    0.0000    3.4104    1.2066   47.0395    0.2016    6.2658    6.0507  0.1522E+01  0.2765E+04 -0.4536E-02  0.4424E-02  0.1765E+03  0.000
    3.5580  4  1   35.5240   82.0509   33.2046    0.0000    3.4082    1.2068   46.6637    0.2004    6.2658    6.0520  0.1406E+01  0.2766E+04 -0.4513E-02  0.4401E-02  0.1774E+03  0.000
    3.5580  4  1   35.3463   82.2241   33.2050    0.0000    3.4058    1.2071   46.2556    0.1993    6.2658    6.0534  0.1295E+01  0.2766E+04 -0.4487E-02  0.4376E-02  0.1783E+03  0.000
    3.5581  4  1   35.1696   82.3965   33.2055    0.0000    3.4029    1.2074   45.8076    0.1982    6.2658    6.0547  0.1189E+01  0.2767E+04 -0.4460E-02  0.4348E-02  0.1791E+03  0.000
    3.5581  4  1   34.9938   82.5679   33.2060    0.0000    3.3995    1.2076   45.3088    0.1970    6.2658    6.0561  0.1089E+01  0.2767E+04 -0.4429E-02  0.4318E-02  0.1800E+03  0.000
    3.5581  4  1   34.8188   82.7385   33.2064    0.0000    3.3955    1.2079   44.7427    0.1959    6.2658    6.0574  0.9939E+00  0.2767E+04 -0.4394E-02  0.4284E-02  0.1810E+03  0.000
    3.5582  4  1   34.6447   82.9081   33.2069    0.0000    3.3904    1.2082   44.0825    0.1948    6.2658    6.0587  0.9037E+00  0.2768E+04 -0.4355E-02  0.4244E-02  0.1819E+03  0.000
    3.5582  4  1   34.4715   83.0769   33.2074    0.0000    3.3839    1.2084   43.2820    0.1936    6.2658    6.0601  0.8183E+00  0.2768E+04 -0.4308E-02  0.4198E-02  0.1828E+03  0.000
    3.5583  4  1   34.2991   83.2448   33.2079    0.0000    3.3749    1.2087   42.2550    0.1925    6.2658    6.0614  0.7376E+00  0.2769E+04 -0.4251E-02  0.4141E-02  0.1837E+03  0.000
    3.5583  4  1   34.1276   83.4118   33.2084    0.0000    3.3613    1.2090   40.8222    0.1914    6.2658    6.0626  0.6615E+00  0.2769E+04 -0.4176E-02  0.4066E-02  0.1847E+03  0.000
    3.5583  4  1   33.9570   83.5778   33.2089    0.0000    3.3381    1.2092   38.5640    0.1902    6.2658    6.0639  0.5921E+00  0.2769E+04 -0.4070E-02  0.3960E-02  0.1856E+03  0.000
    3.5584  4  1   33.7872   83.7428   33.2094    0.0000    3.2893    1.2095   34.3549    0.1891    6.2657    6.0652  0.5379E+00  0.2770E+04 -0.3898E-02  0.3788E-02  0.1866E+03  0.000
    3.5584  4  1   33.6183   83.9066   33.2099    0.0000    3.1516    1.2098   24.9371    0.1880    6.2653    6.0665  0.5616E+00  0.2770E+04 -0.3563E-02  0.3454E-02  0.1875E+03  0.000
    3.5585  4  1   33.4502   84.0680   33.2107    0.0000    2.5583    1.2100    6.3413    0.1870    6.2629    6.0677  0.6830E+00  0.2770E+04 -0.2742E-02  0.2633E-02  0.1885E+03  0.000
    3.5586  4  1   33.3614   84.1434   33.2121    0.0000    1.5520    1.2102    0.6247    0.1866    6.2542    6.0683  0.8735E+01  0.2775E+04 -0.7185E-03  0.6107E-03  0.1887E+03  0.000
    3.5586  4  1   33.3614   84.1434   33.2121    0.0000    1.5520    1.2102    0.6247    0.1866    6.2542    6.0683  0.8735E+01  0.2775E+04 -0.2458E-03  0.1381E-03  0.1887E+03  0.000
    3.5592  7  1   33.2121   84.1992    0.0000    0.0000    0.2900    1.2104    0.0342    0.1867    6.0275    6.0689  0.7831E-11  0.2770E+04 -0.2393E-03  0.8935E-04  0.1886E+03  0.000
    3.5623  7  1   32.8800   84.1902    0.0000    0.0000    0.2876    1.2107    0.0340    0.1859    6.0230    6.0691  0.3336E+01  0.2764E+04 -0.1099E-03 -0.2962E-05  0.1892E+03  0.000
    3.5653  7  1   32.5512   84.1812    0.0000    0.0000    0.2852    1.2110    0.0338    0.1851    6.0184    6.0693  0.6525E+01  0.2759E+04 -0.1082E-03 -0.2975E-05  0.1897E+03  0.000
    3.5683  7  1   32.2257   84.1721    0.0000    0.0000    0.2829    1.2114    0.0336    0.1844    6.0138    6.0695  0.9574E+01  0.2753E+04 -0.1065E-03 -0.2988E-05  0.1902E+03  0.000
    3.5714  7  1   31.9034   84.1629    0.0000    0.0000    0.2806    1.2117    0.0335    0.1836    6.0092    6.0697  0.1249E+02  0.2747E+04 -0.1049E-03 -0.3001E-05  0.1908E+03  0.000
    3.5745  7  1   31.5844   84.1535    0.0000    0.0000    0.2782    1.2120    0.0333    0.1829    6.0045    6.0699  0.1528E+02  0.2741E+04 -0.1032E-03 -0.3014E-05  0.1913E+03  0.000
    3.5776  7  1   31.2686   84.1441    0.0000    0.0000    0.2759    1.2123    0.0331    0.1822    5.9999    6.0701  0.1795E+02  0.2735E+04 -0.1016E-03 -0.3027E-05  0.1919E+03  0.000
    3.5808  7  1   30.9559   84.1346    0.0000    0.0000    0.2736    1.2126    0.0329    0.1815    5.9952    6.0703  0.2051E+02  0.2729E+04 -0.9994E-04 -0.3039E-05  0.1924E+03  0.000
    3.5839  7  1   30.6463   84.1250    0.0000    0.0000    0.2713    1.2129    0.0327    0.1808    5.9905    6.0705  0.2296E+02  0.2723E+04 -0.9834E-04 -0.3052E-05  0.1929E+03  0.000
    3.5871  7  1   30.3398   84.1153    0.0000    0.0000    0.2690    1.2132    0.0325    0.1801    5.9858    6.0707  0.2532E+02  0.2717E+04 -0.9676E-04 -0.3065E-05  0.1935E+03  0.000
    3.5903  7  1   30.0364   84.1055    0.0000    0.0000    0.2667    1.2136    0.0324    0.1794    5.9811    6.0709  0.2757E+02  0.2711E+04 -0.9520E-04 -0.3077E-05  0.1940E+03  0.000
    3.5935  7  1   29.7361   84.0956    0.0000    0.0000    0.2644    1.2139    0.0322    0.1787    5.9764    6.0711  0.2974E+02  0.2705E+04 -0.9366E-04 -0.3090E-05  0.1945E+03  0.000
    3.5967  7  1   29.4387   84.0856    0.0000    0.0000    0.2621    1.2142    0.0320    0.1780    5.9716    6.0713  0.3182E+02  0.2699E+04 -0.9214E-04 -0.3102E-05  0.1950E+03  0.000
    3.5999  7  1   29.1443   84.0755    0.0000    0.0000    0.2598    1.2145    0.0319    0.1773    5.9668    6.0715  0.3382E+02  0.2693E+04 -0.9063E-04 -0.3114E-05  0.1956E+03  0.000
    3.6032  7  1   28.8529   84.0652    0.0000    0.0000    0.2576    1.2149    0.0317    0.1767    5.9620    6.0717  0.3575E+02  0.2687E+04 -0.8915E-04 -0.3127E-05  0.1961E+03  0.000
    3.6065  7  1   28.5644   84.0549    0.0000    0.0000    0.2553    1.2152    0.0315    0.1760    5.9572    6.0719  0.3760E+02  0.2681E+04 -0.8768E-04 -0.3139E-05  0.1966E+03  0.000
    3.6098  7  1   28.2787   84.0445    0.0000    0.0000    0.2530    1.2156    0.0314    0.1754    5.9524    6.0721  0.3938E+02  0.2675E+04 -0.8624E-04 -0.3151E-05  0.1971E+03  0.000
    3.6131  7  1   27.9959   84.0339    0.0000    0.0000    0.2508    1.2159    0.0312    0.1747    5.9475    6.0724  0.4110E+02  0.2668E+04 -0.8481E-04 -0.3163E-05  0.1976E+03  0.000
    3.6165  7  1   27.7160   84.0233    0.0000    0.0000    0.2486    1.2162    0.0310    0.1741    5.9426    6.0726  0.4275E+02  0.2662E+04 -0.8340E-04 -0.3175E-05  0.1981E+03  0.000
    3.6199  7  1   27.4388   84.0125    0.0000    0.0000    0.2463    1.2166    0.0309    0.1735    5.9378    6.0728  0.4435E+02  0.2656E+04 -0.8201E-04 -0.3187E-05  0.1986E+03  0.000
    3.6233  7  1   27.1644   84.0016    0.0000    0.0000    0.2441    1.2169    0.0307    0.1728    5.9329    6.0730  0.4590E+02  0.2649E+04 -0.8064E-04 -0.3199E-05  0.1992E+03  0.000
    3.6267  7  1   26.8928   83.9906    0.0000    0.0000    0.2419    1.2173    0.0306    0.1722    5.9279    6.0732  0.4739E+02  0.2643E+04 -0.7928E-04 -0.3211E-05  0.1997E+03  0.000
    3.6302  7  1   26.6239   83.9795    0.0000    0.0000    0.2397    1.2176    0.0304    0.1716    5.9230    6.0734  0.4884E+02  0.2636E+04 -0.7794E-04 -0.3223E-05  0.2002E+03  0.000
    3.6336  7  1   26.3576   83.9682    0.0000    0.0000    0.2375    1.2180    0.0303    0.1710    5.9180    6.0737  0.5023E+02  0.2630E+04 -0.7663E-04 -0.3235E-05  0.2007E+03  0.000
    3.6371  7  1   26.0940   83.9569    0.0000    0.0000    0.2353    1.2184    0.0301    0.1704    5.9130    6.0739  0.5159E+02  0.2623E+04 -0.7532E-04 -0.3247E-05  0.2012E+03  0.000
    3.6407  7  1   25.8331   83.9454    0.0000    0.0000    0.2331    1.2187    0.0300    0.1698    5.9080    6.0741  0.5290E+02  0.2617E+04 -0.7404E-04 -0.3259E-05  0.2017E+03  0.000
    3.6442  7  1   25.5748   83.9338    0.0000    0.0000    0.2309    1.2191    0.0298    0.1693    5.9030    6.0743  0.5418E+02  0.2610E+04 -0.7277E-04 -0.3270E-05  0.2022E+03  0.000
    3.6478  7  1   25.3190   83.9221    0.0000    0.0000    0.2288    1.2195    0.0297    0.1687    5.8980    6.0746  0.5542E+02  0.2604E+04 -0.7152E-04 -0.3282E-05  0.2026E+03  0.000
    3.6514  7  1   25.0658   83.9102    0.0000    0.0000    0.2266    1.2198    0.0296    0.1681    5.8929    6.0748  0.5663E+02  0.2597E+04 -0.7029E-04 -0.3294E-05  0.2031E+03  0.000
    3.6550  7  1   24.8152   83.8982    0.0000    0.0000    0.2244    1.2202    0.0294    0.1676    5.8879    6.0750  0.5780E+02  0.2590E+04 -0.6907E-04 -0.3305E-05  0.2036E+03  0.000
    3.6587  7  1   24.5670   83.8861    0.0000    0.0000    0.2223    1.2206    0.0293    0.1670    5.8828    6.0752  0.5895E+02  0.2583E+04 -0.6787E-04 -0.3317E-05  0.2041E+03  0.000
    3.6624  7  1   24.3214   83.8738    0.0000    0.0000    0.2201    1.2210    0.0291    0.1665    5.8777    6.0755  0.6006E+02  0.2576E+04 -0.6669E-04 -0.3329E-05  0.2046E+03  0.000
    3.6661  7  1   24.0781   83.8614    0.0000    0.0000    0.2180    1.2214    0.0290    0.1659    5.8725    6.0757  0.6116E+02  0.2570E+04 -0.6552E-04 -0.3340E-05  0.2051E+03  0.000
    3.6698  7  1   23.8374   83.8489    0.0000    0.0000    0.2159    1.2218    0.0289    0.1654    5.8674    6.0760  0.6222E+02  0.2563E+04 -0.6437E-04 -0.3352E-05  0.2056E+03  0.000
    3.6736  7  1   23.5990   83.8362    0.0000    0.0000    0.2138    1.2222    0.0287    0.1649    5.8622    6.0762  0.6327E+02  0.2556E+04 -0.6324E-04 -0.3363E-05  0.2060E+03  0.000
    3.6774  7  1   23.3630   83.8234    0.0000    0.0000    0.2116    1.2226    0.0286    0.1644    5.8570    6.0764  0.6429E+02  0.2549E+04 -0.6212E-04 -0.3375E-05  0.2065E+03  0.000
    3.6812  7  1   23.1294   83.8104    0.0000    0.0000    0.2095    1.2230    0.0285    0.1638    5.8518    6.0767  0.6529E+02  0.2541E+04 -0.6102E-04 -0.3386E-05  0.2070E+03  0.000
    3.6851  7  1   22.8981   83.7973    0.0000    0.0000    0.2074    1.2234    0.0284    0.1633    5.8466    6.0769  0.6628E+02  0.2534E+04 -0.5993E-04 -0.3398E-05  0.2075E+03  0.000
    3.6890  7  1   22.6691   83.7840    0.0000    0.0000    0.2053    1.2238    0.0282    0.1628    5.8414    6.0772  0.6725E+02  0.2527E+04 -0.5886E-04 -0.3409E-05  0.2079E+03  0.000
    3.6929  7  1   22.4424   83.7706    0.0000    0.0000    0.2032    1.2242    0.0281    0.1623    5.8361    6.0774  0.6820E+02  0.2520E+04 -0.5780E-04 -0.3421E-05  0.2084E+03  0.000
    3.6968  7  1   22.2180   83.7570    0.0000    0.0000    0.2011    1.2246    0.0280    0.1619    5.8308    6.0777  0.6914E+02  0.2513E+04 -0.5676E-04 -0.3432E-05  0.2089E+03  0.000
    3.7008  7  1   21.9958   83.7433    0.0000    0.0000    0.1990    1.2251    0.0279    0.1614    5.8255    6.0779  0.7007E+02  0.2505E+04 -0.5573E-04 -0.3444E-05  0.2093E+03  0.000
    3.7048  7  1   21.7758   83.7294    0.0000    0.0000    0.1969    1.2255    0.0277    0.1609    5.8202    6.0782  0.7098E+02  0.2498E+04 -0.5472E-04 -0.3455E-05  0.2098E+03  0.000
    3.7089  7  1   21.5581   83.7154    0.0000    0.0000    0.1949    1.2259    0.0276    0.1604    5.8149    6.0784  0.7189E+02  0.2490E+04 -0.5373E-04 -0.3467E-05  0.2102E+03  0.000
    3.7130  7  1   21.3425   83.7012    0.0000    0.0000    0.1928    1.2264    0.0275    0.1600    5.8095    6.0787  0.7279E+02  0.2483E+04 -0.5275E-04 -0.3478E-05  0.2107E+03  0.000
    3.7171  7  1   21.1291   83.6868    0.0000    0.0000    0.1907    1.2268    0.0274    0.1595    5.8041    6.0789  0.7368E+02  0.2475E+04 -0.5178E-04 -0.3490E-05  0.2111E+03  0.000
    3.7213  7  1   20.9178   83.6722    0.0000    0.0000    0.1886    1.2273    0.0273    0.1591    5.7987    6.0792  0.7457E+02  0.2467E+04 -0.5083E-04 -0.3501E-05  0.2116E+03  0.000
    3.7254  7  1   20.7086   83.6575    0.0000    0.0000    0.1866    1.2277    0.0272    0.1586    5.7933    6.0795  0.7545E+02  0.2460E+04 -0.4989E-04 -0.3513E-05  0.2121E+03  0.000
    3.7297  7  1   20.5015   83.6426    0.0000    0.0000    0.1845    1.2282    0.0270    0.1582    5.7879    6.0797  0.7632E+02  0.2452E+04 -0.4896E-04 -0.3524E-05  0.2125E+03  0.000
    3.7339  7  1   20.2965   83.6275    0.0000    0.0000    0.1824    1.2287    0.0269    0.1577    5.7824    6.0800  0.7720E+02  0.2444E+04 -0.4805E-04 -0.3536E-05  0.2129E+03  0.000
    3.7383  7  1   20.0935   83.6122    0.0000    0.0000    0.1803    1.2291    0.0268    0.1573    5.7769    6.0803  0.7807E+02  0.2436E+04 -0.4715E-04 -0.3547E-05  0.2134E+03  0.000
    3.7426  7  1   19.8926   83.5968    0.0000    0.0000    0.1782    1.2296    0.0267    0.1569    5.7714    6.0805  0.7895E+02  0.2428E+04 -0.4627E-04 -0.3559E-05  0.2138E+03  0.000
    3.7470  7  1   19.6937   83.5811    0.0000    0.0000    0.1762    1.2301    0.0266    0.1565    5.7659    6.0808  0.7982E+02  0.2420E+04 -0.4540E-04 -0.3571E-05  0.2143E+03  0.000
    3.7514  7  1   19.4967   83.5653    0.0000    0.0000    0.1741    1.2306    0.0265    0.1561    5.7604    6.0811  0.8070E+02  0.2412E+04 -0.4454E-04 -0.3582E-05  0.2147E+03  0.000
    3.7559  7  1   19.3018   83.5493    0.0000    0.0000    0.1720    1.2311    0.0264    0.1557    5.7548    6.0814  0.8158E+02  0.2404E+04 -0.4370E-04 -0.3594E-05  0.2152E+03  0.000
    3.7604  7  1   19.1088   83.5330    0.0000    0.0000    0.1699    1.2316    0.0263    0.1553    5.7493    6.0817  0.8247E+02  0.2395E+04 -0.4287E-04 -0.3606E-05  0.2156E+03  0.000
    3.7649  7  1   18.9177   83.5166    0.0000    0.0000    0.1678    1.2321    0.0261    0.1549    5.7437    6.0820  0.8336E+02  0.2387E+04 -0.4205E-04 -0.3618E-05  0.2160E+03  0.000
    3.7695  7  1   18.7285   83.4999    0.0000    0.0000    0.1656    1.2326    0.0260    0.1545    5.7380    6.0822  0.8427E+02  0.2379E+04 -0.4125E-04 -0.3629E-05  0.2165E+03  0.000
    3.7741  7  1   18.5412   83.4831    0.0000    0.0000    0.1635    1.2331    0.0259    0.1541    5.7324    6.0825  0.8518E+02  0.2370E+04 -0.4045E-04 -0.3641E-05  0.2169E+03  0.000
    3.7788  7  1   18.3558   83.4660    0.0000    0.0000    0.1613    1.2336    0.0258    0.1537    5.7268    6.0828  0.8611E+02  0.2362E+04 -0.3967E-04 -0.3653E-05  0.2173E+03  0.000
    3.7835  7  1   18.1722   83.4487    0.0000    0.0000    0.1592    1.2341    0.0257    0.1534    5.7211    6.0831  0.8705E+02  0.2353E+04 -0.3891E-04 -0.3665E-05  0.2177E+03  0.000
    3.7883  7  1   17.9905   83.4312    0.0000    0.0000    0.1570    1.2347    0.0256    0.1530    5.7154    6.0834  0.8800E+02  0.2344E+04 -0.3815E-04 -0.3677E-05  0.2182E+03  0.000
    3.7931  7  1   17.8106   83.4135    0.0000    0.0000    0.1548    1.2352    0.0255    0.1526    5.7097    6.0837  0.8897E+02  0.2336E+04 -0.3741E-04 -0.3690E-05  0.2186E+03  0.000
    3.7979  7  1   17.6325   83.3955    0.0000    0.0000    0.1525    1.2358    0.0254    0.1523    5.7039    6.0840  0.8996E+02  0.2327E+04 -0.3668E-04 -0.3702E-05  0.2190E+03  0.000
    3.8028  7  1   17.4562   83.3773    0.0000    0.0000    0.1503    1.2363    0.0253    0.1519    5.6982    6.0843  0.9097E+02  0.2318E+04 -0.3596E-04 -0.3714E-05  0.2194E+03  0.000
    3.8078  7  1   17.2816   83.3588    0.0000    0.0000    0.1480    1.2369    0.0252    0.1516    5.6924    6.0846  0.9201E+02  0.2309E+04 -0.3525E-04 -0.3727E-05  0.2198E+03  0.000
    3.8128  7  1   17.1088   83.3401    0.0000    0.0000    0.1457    1.2374    0.0250    0.1513    5.6866    6.0850  0.9307E+02  0.2300E+04 -0.3455E-04 -0.3739E-05  0.2203E+03  0.000
    3.8178  7  1   16.9377   83.3212    0.0000    0.0000    0.1433    1.2380    0.0249    0.1509    5.6808    6.0853  0.9416E+02  0.2290E+04 -0.3387E-04 -0.3752E-05  0.2207E+03  0.000
    3.8230  7  1   16.7683   83.3019    0.0000    0.0000    0.1409    1.2386    0.0248    0.1506    5.6749    6.0856  0.9529E+02  0.2281E+04 -0.3319E-04 -0.3764E-05  0.2211E+03  0.000
    3.8281  7  1   16.6006   83.2825    0.0000    0.0000    0.1385    1.2392    0.0247    0.1503    5.6691    6.0859  0.9644E+02  0.2272E+04 -0.3253E-04 -0.3777E-05  0.2215E+03  0.000
    3.8333  7  1   16.4346   83.2627    0.0000    0.0000    0.1360    1.2398    0.0246    0.1500    5.6632    6.0862  0.9764E+02  0.2262E+04 -0.3188E-04 -0.3790E-05  0.2219E+03  0.000
    3.8386  7  1   16.2703   83.2427    0.0000    0.0000    0.1335    1.2404    0.0245    0.1497    5.6573    6.0866  0.9888E+02  0.2253E+04 -0.3124E-04 -0.3803E-05  0.2223E+03  0.000
    3.8439  7  1   16.1076   83.2224    0.0000    0.0000    0.1309    1.2410    0.0243    0.1494    5.6513    6.0869  0.1002E+03  0.2243E+04 -0.3061E-04 -0.3816E-05  0.2227E+03  0.000
    3.8493  7  1   15.9465   83.2019    0.0000    0.0000    0.1282    1.2416    0.0242    0.1491    5.6454    6.0872  0.1015E+03  0.2233E+04 -0.2999E-04 -0.3829E-05  0.2231E+03  0.000
    3.8547  7  1   15.7871   83.1810    0.0000    0.0000    0.1255    1.2423    0.0241    0.1488    5.6394    6.0876  0.1029E+03  0.2223E+04 -0.2938E-04 -0.3843E-05  0.2235E+03  0.000
    3.8602  7  1   15.6292   83.1599    0.0000    0.0000    0.1227    1.2429    0.0239    0.1485    5.6334    6.0879  0.1043E+03  0.2213E+04 -0.2878E-04 -0.3856E-05  0.2239E+03  0.000
    3.8657  7  1   15.4729   83.1384    0.0000    0.0000    0.1198    1.2435    0.0238    0.1482    5.6274    6.0883  0.1059E+03  0.2203E+04 -0.2819E-04 -0.3870E-05  0.2243E+03  0.000
    3.8713  7  1   15.3182   83.1166    0.0000    0.0000    0.1168    1.2442    0.0237    0.1480    5.6214    6.0886  0.1074E+03  0.2193E+04 -0.2761E-04 -0.3884E-05  0.2247E+03  0.000
    3.8770  7  1   15.1650   83.0945    0.0000    0.0000    0.1137    1.2449    0.0235    0.1477    5.6153    6.0890  0.1091E+03  0.2183E+04 -0.2704E-04 -0.3898E-05  0.2251E+03  0.000
    3.8827  7  1   15.0133   83.0721    0.0000    0.0000    0.1105    1.2455    0.0234    0.1474    5.6093    6.0893  0.1109E+03  0.2173E+04 -0.2648E-04 -0.3912E-05  0.2255E+03  0.000
    3.8885  7  1   14.8632   83.0494    0.0000    0.0000    0.1072    1.2462    0.0232    0.1472    5.6032    6.0897  0.1127E+03  0.2162E+04 -0.2593E-04 -0.3926E-05  0.2259E+03  0.000
    3.8944  7  1   14.7146   83.0263    0.0000    0.0000    0.1038    1.2469    0.0231    0.1469    5.5970    6.0901  0.1147E+03  0.2152E+04 -0.2539E-04 -0.3941E-05  0.2263E+03  0.000
    3.9003  7  1   14.5674   83.0029    0.0000    0.0000    0.1002    1.2476    0.0229    0.1467    5.5909    6.0904  0.1168E+03  0.2141E+04 -0.2486E-04 -0.3955E-05  0.2267E+03  0.000
    3.9063  7  1   14.4217   82.9792    0.0000    0.0000    0.0965    1.2484    0.0227    0.1464    5.5847    6.0908  0.1190E+03  0.2130E+04 -0.2434E-04 -0.3970E-05  0.2271E+03  0.000
    3.9123  7  1   14.2775   82.9550    0.0000    0.0000    0.0926    1.2491    0.0225    0.1462    5.5786    6.0912  0.1213E+03  0.2119E+04 -0.2382E-04 -0.3985E-05  0.2275E+03  0.000
    3.9184  7  1   14.1348   82.9305    0.0000    0.0000    0.0885    1.2498    0.0223    0.1460    5.5724    6.0916  0.1238E+03  0.2108E+04 -0.2332E-04 -0.4001E-05  0.2279E+03  0.000
    3.9246  7  1   13.9934   82.9057    0.0000    0.0000    0.0843    1.2506    0.0222    0.1457    5.5661    6.0919  0.1265E+03  0.2097E+04 -0.2283E-04 -0.4016E-05  0.2283E+03  0.000
    3.9309  7  1   13.8535   82.8804    0.0000    0.0000    0.0798    1.2513    0.0219    0.1455    5.5599    6.0923  0.1294E+03  0.2086E+04 -0.2234E-04 -0.4032E-05  0.2286E+03  0.000
    3.9372  7  1   13.7149   82.8548    0.0000    0.0000    0.0751    1.2521    0.0217    0.1453    5.5536    6.0927  0.1325E+03  0.2074E+04 -0.2186E-04 -0.4048E-05  0.2290E+03  0.000
    3.9436  7  1   13.5778   82.8287    0.0000    0.0000    0.0702    1.2529    0.0215    0.1451    5.5473    6.0931  0.1358E+03  0.2063E+04 -0.2140E-04 -0.4064E-05  0.2294E+03  0.000
    3.9501  7  1   13.4420   82.8022    0.0000    0.0000    0.0649    1.2537    0.0213    0.1449    5.5410    6.0935  0.1394E+03  0.2051E+04 -0.2094E-04 -0.4081E-05  0.2298E+03  0.000
    3.9567  7  1   13.3076   82.7754    0.0000    0.0000    0.0594    1.2545    0.0210    0.1447    5.5347    6.0939  0.1433E+03  0.2040E+04 -0.2048E-04 -0.4097E-05  0.2302E+03  0.000
    3.9633  7  1   13.1745   82.7480    0.0000    0.0000    0.0536    1.2553    0.0208    0.1445    5.5283    6.0943  0.1476E+03  0.2028E+04 -0.2004E-04 -0.4114E-05  0.2306E+03  0.000
    3.9701  7  1   13.0428   82.7203    0.0000    0.0000    0.0474    1.2561    0.0205    0.1444    5.5219    6.0948  0.1522E+03  0.2016E+04 -0.1960E-04 -0.4132E-05  0.2309E+03  0.000
    3.9769  7  1   12.9123   82.6921    0.0000    0.0000    0.0408    1.2570    0.0202    0.1442    5.5155    6.0952  0.1573E+03  0.2004E+04 -0.1918E-04 -0.4149E-05  0.2313E+03  0.000
    3.9786  7  1   12.8804   82.6850    0.0000    0.0000    0.0391    1.2572    0.0201    0.1441    5.5140    6.0953  0.1586E+03  0.2001E+04 -0.1876E-04 -0.4167E-05  0.2314E+03  0.000
    3.9786  7  1   12.8804   82.6850    0.0000    0.0000    0.0391    1.2572    0.0201    0.1441    5.5140    6.0953  0.1586E+03  0.2001E+04 -0.1866E-04 -0.4172E-05  0.2314E+03  0.000
    3.9786  8  1   12.8804   82.6850    9.1850    0.0000    0.0391    1.2572    0.0201    0.1441    5.5140    6.0953  0.8129E+03  0.2001E+04 -0.1866E-04 -0.4172E-05  0.2314E+03  0.000
    3.9794  8  1   12.8640   82.6813    9.2081    0.0000    0.0402    1.2573    0.0202    0.1441    5.5194    6.0953  0.7952E+03  0.1999E+04 -0.1866E-04 -0.4172E-05  0.2315E+03  0.000
    3.9803  8  1   12.8474   82.6777    9.2313    0.0000    0.0413    1.2574    0.0202    0.1441    5.5249    6.0954  0.7775E+03  0.1997E+04 -0.1901E-04 -0.4169E-05  0.2315E+03  0.000
    3.9812  8  1   12.8307   82.6741    9.2545    0.0000    0.0424    1.2575    0.0203    0.1441    5.5303    6.0955  0.7597E+03  0.1996E+04 -0.1937E-04 -0.4166E-05  0.2316E+03  0.000
    3.9820  8  1   12.8139   82.6705    9.2778    0.0000    0.0435    1.2576    0.0204    0.1441    5.5358    6.0955  0.7418E+03  0.1994E+04 -0.1974E-04 -0.4163E-05  0.2316E+03  0.000
    3.9829  8  1   12.7969   82.6670    9.3012    0.0000    0.0446    1.2577    0.0204    0.1440    5.5412    6.0956  0.7239E+03  0.1993E+04 -0.2012E-04 -0.4160E-05  0.2317E+03  0.000
    3.9837  8  1   12.7798   82.6635    9.3246    0.0000    0.0458    1.2578    0.0205    0.1440    5.5467    6.0956  0.7059E+03  0.1991E+04 -0.2050E-04 -0.4156E-05  0.2317E+03  0.000
    3.9845  8  1   12.7625   82.6601    9.3480    0.0000    0.0469    1.2579    0.0205    0.1440    5.5521    6.0957  0.6879E+03  0.1990E+04 -0.2089E-04 -0.4153E-05  0.2318E+03  0.000
    3.9854  8  1   12.7450   82.6567    9.3715    0.0000    0.0481    1.2580    0.0206    0.1440    5.5576    6.0957  0.6699E+03  0.1988E+04 -0.2129E-04 -0.4149E-05  0.2318E+03  0.000
    3.9862  8  1   12.7274   82.6533    9.3951    0.0000    0.0492    1.2582    0.0206    0.1439    5.5631    6.0958  0.6519E+03  0.1987E+04 -0.2169E-04 -0.4145E-05  0.2319E+03  0.000
    3.9870  8  1   12.7097   82.6500    9.4187    0.0000    0.0504    1.2583    0.0207    0.1439    5.5685    6.0958  0.6339E+03  0.1986E+04 -0.2211E-04 -0.4141E-05  0.2319E+03  0.000
    3.9878  8  1   12.6918   82.6467    9.4424    0.0000    0.0516    1.2584    0.0208    0.1439    5.5740    6.0959  0.6159E+03  0.1984E+04 -0.2253E-04 -0.4137E-05  0.2320E+03  0.000
    3.9885  8  1   12.6737   82.6435    9.4662    0.0000    0.0529    1.2585    0.0208    0.1438    5.5794    6.0959  0.5979E+03  0.1983E+04 -0.2295E-04 -0.4133E-05  0.2320E+03  0.000
    3.9893  8  1   12.6555   82.6403    9.4900    0.0000    0.0541    1.2585    0.0209    0.1438    5.5849    6.0960  0.5800E+03  0.1981E+04 -0.2339E-04 -0.4128E-05  0.2321E+03  0.000
    3.9901  8  1   12.6371   82.6371    9.5139    0.0000    0.0553    1.2586    0.0210    0.1438    5.5903    6.0960  0.5621E+03  0.1980E+04 -0.2384E-04 -0.4123E-05  0.2321E+03  0.000
    3.9909  8  1   12.6186   82.6339    9.5378    0.0000    0.0566    1.2587    0.0210    0.1438    5.5958    6.0961  0.5443E+03  0.1979E+04 -0.2429E-04 -0.4118E-05  0.2322E+03  0.000
    3.9916  8  1   12.5999   82.6308    9.5618    0.0000    0.0579    1.2588    0.0211    0.1437    5.6013    6.0961  0.5265E+03  0.1977E+04 -0.2475E-04 -0.4113E-05  0.2322E+03  0.000
    3.9924  8  1   12.5810   82.6277    9.5859    0.0000    0.0592    1.2589    0.0212    0.1437    5.6067    6.0962  0.5089E+03  0.1976E+04 -0.2522E-04 -0.4108E-05  0.2323E+03  0.000
    3.9930 14  1   12.5647   82.6251   12.5647    0.0000   -4.2735    1.2590    0.0000    0.1437  -10.0000    6.0962  0.2000E+09  0.1975E+04 -0.2570E-04 -0.4102E-05  0.2322E+03  0.000
    4.0930 14  1   12.5651   82.1885   12.5651    0.0000   -4.2735    1.2720    0.0000    0.1475  -10.0000    6.1023  0.2726E+11  0.1799E+04  0.4670E-08 -0.4366E-05  0.2332E+03  0.000
    4.2737 14  1   12.5660   81.3666   12.5660    0.0000   -4.2734    1.2975    0.0000    0.1554  -10.0000    6.1135  0.7906E+11  0.1491E+04  0.5117E-08 -0.4548E-05  0.2353E+03  0.000
    4.4392 14  1   12.5671   80.5529   12.5671    0.0000   -4.2734    1.3238    0.0000    0.1639  -10.0000    6.1236  0.1318E+12  0.1221E+04  0.6111E-08 -0.4917E-05  0.2373E+03  0.000
    4.5910 14  1   12.5682   79.7474   12.5682    0.0000   -4.2734    1.3508    0.0000    0.1732  -10.0000    6.1327  0.1804E+12  0.9868E+03  0.7297E-08 -0.5306E-05  0.2393E+03  0.000
    4.7305 14  1   12.5694   78.9499   12.5694    0.0000   -4.2733    1.3787    0.0000    0.1835  -10.0000    6.1407  0.1804E+12  0.7869E+03  0.8717E-08 -0.5718E-05  0.2414E+03  0.000
    4.8588 14  1   12.5707   78.1604   12.5707    0.0000   -4.2733    1.4078    0.0000    0.1948  -10.0000    6.1478  0.1804E+12  0.6182E+03  0.1043E-07 -0.6154E-05  0.2434E+03  0.000
    4.9768 14  1   12.5722   77.3788   12.5722    0.0000   -4.2732    1.4381    0.0000    0.2075  -10.0000    6.1539  0.1804E+12  0.4778E+03  0.1249E-07 -0.6618E-05  0.2455E+03  0.000
    5.0856 14  1   12.5738   76.6050   12.5738    0.0000   -4.2732    1.4699    0.0000    0.2217  -10.0000    6.1590  0.1803E+12  0.3629E+03  0.1502E-07 -0.7115E-05  0.2476E+03  0.000
    5.1858 14  1   12.5756   75.8390   12.5756    0.0000   -4.2731    1.5031    0.0000    0.2376  -10.0000    6.1632  0.1803E+12  0.2705E+03  0.1811E-07 -0.7647E-05  0.2497E+03  0.000
    5.2780 14  1   12.5777   75.0806   12.5777    0.0000   -4.2730    1.5377    0.0000    0.2556  -10.0000    6.1666  0.1803E+12  0.1977E+03  0.2191E-07 -0.8221E-05  0.2518E+03  0.000
    5.3630 14  1   12.5799   74.3298   12.5799    0.0000   -4.2730    1.5736    0.0000    0.2758  -10.0000    6.1691  0.1802E+12  0.1416E+03  0.2660E-07 -0.8840E-05  0.2539E+03  0.000
    5.4412 14  1   12.5825   73.5865   12.5825    0.0000   -4.2729    1.6108    0.0000    0.2985  -10.0000    6.1708  0.1802E+12  0.9930E+02  0.3238E-07 -0.9506E-05  0.2560E+03  0.000
    5.5132 14  1   12.5853   72.8506   12.5853    0.0000   -4.2728    1.6489    0.0000    0.3237  -10.0000    6.1718  0.1801E+12  0.6825E+02  0.3948E-07 -0.1022E-04  0.2581E+03  0.000
    5.5795 14  1   12.5885   72.1221   12.5885    0.0000   -4.2727    1.6877    0.0000    0.3517  -10.0000    6.1721  0.1801E+12  0.4604E+02  0.4816E-07 -0.1099E-04  0.2602E+03  0.000
    5.6406 14  1   12.5921   71.4009   12.5921    0.0000   -4.2725    1.7270    0.0000    0.3826  -10.0000    6.1717  0.1800E+12  0.3066E+02  0.5871E-07 -0.1180E-04  0.2623E+03  0.000
    5.6969 14  1   12.5961   70.6869   12.5961    0.0000   -4.2724    1.7666    0.0000    0.4165  -10.0000    6.1707  0.1799E+12  0.2052E+02  0.7142E-07 -0.1267E-04  0.2643E+03  0.000
    5.7490 14  1   12.6006   69.9800   12.6006    0.0000   -4.2722    1.8061    0.0000    0.4536  -10.0000    6.1692  0.1799E+12  0.1444E+02  0.8663E-07 -0.1358E-04  0.2662E+03  0.000
    5.7972 14  1   12.6057   69.2802   12.6057    0.0000   -4.2721    1.7382    0.0000    0.3862  -10.0000    6.1857  0.1798E+12  0.1758E+02  0.1047E-06 -0.1453E-04  0.2680E+03  0.000
    5.8021 14  1   12.6061   69.2146   12.6061    0.0000   -4.2721    1.6885    0.0000    0.3442  -10.0000    6.1914  0.1799E+12  0.2073E+02  0.8055E-07 -0.1340E-04  0.2681E+03  0.000
    5.8021 14  1   12.6061   69.2145   12.6061    0.0000   -4.2721    1.6884    0.0000    0.3442  -10.0000    6.1914  0.1799E+12  0.2074E+02  0.6446E-07 -0.1241E-04  0.2681E+03  0.000
    5.8021 14  2   12.6061   69.2145   12.6061   29.3591   -4.2721    1.6728    0.0000    0.3320  -10.0000    6.1914  0.1799E+12  0.3782E+02  0.6446E-07 -0.1241E-04  0.2681E+03  0.000
    5.8022 14  2   12.6061   69.2047   12.6061   29.3885   -4.2721    1.7552    0.0000    0.4013  -10.0000    6.1920  0.1799E+12  0.2780E+02  0.2965E-06 -0.5984E-04  0.2682E+03  0.000
    5.8024 14  2   12.6062   69.1947   12.6062   29.4179   -4.2721    1.8376    0.0000    0.4852  -10.0000    6.1927  0.1799E+12  0.2019E+02  0.3800E-06 -0.6010E-04  0.2682E+03  0.000
    5.8026 14  2   12.6062   69.1848   12.6062   29.4472   -4.2720    1.9200    0.0000    0.5865  -10.0000    6.1934  0.1799E+12  0.1452E+02  0.4805E-06 -0.6035E-04  0.2682E+03  0.000
    5.8027 14  2   12.6064   69.1731   12.6064   29.4766   -4.2720    2.0025    0.0000    0.7091  -10.0000    6.1940  0.1799E+12  0.1035E+02  0.6952E-06 -0.7028E-04  0.2683E+03  0.000
    5.8029 14  2   12.6120   68.7106   12.6120   29.5059   -4.2719    2.0850    0.0000    0.8545  -10.0000    6.1947  0.1797E+12  0.4861E+01  0.3396E-04 -0.2800E-02  0.2695E+03  0.000
    5.8029 14  2   12.6222   68.0235   12.6222   29.5113   -4.2715    2.1002    0.0000    0.8804  -10.0000    6.1948  0.1794E+12  0.2100E+01  0.3399E-03 -0.2294E-01  0.2714E+03  0.000
    5.8029 14  2   12.6327   67.3432   12.6327   29.5152   -4.2711    2.1114    0.0000    0.8990  -10.0000    6.1949  0.1792E+12  0.9071E+00  0.4796E-03 -0.3086E-01  0.2732E+03  0.000
    5.8030 14  2   12.6436   66.6698   12.6436   29.5183   -4.2708    2.1205    0.0000    0.9136  -10.0000    6.1950  0.1791E+12  0.3907E+00  0.6139E-03 -0.3801E-01  0.2750E+03  0.000
    5.8030 14  2   12.6547   66.0031   12.6547   29.5210   -4.2704    2.1282    0.0000    0.9255  -10.0000    6.1950  0.1789E+12  0.1684E+00  0.7469E-03 -0.4471E-01  0.2768E+03  0.000
    5.8030 14  2   12.6661   65.3431   12.6661   29.5233   -4.2700    2.1349    0.0000    0.9355  -10.0000    6.1951  0.1787E+12  0.7347E-01  0.8802E-03 -0.5110E-01  0.2786E+03  0.000
    5.8030 14  2   12.6777   64.6896   12.6777   29.5253   -4.2696    2.1409    0.0000    0.9440  -10.0000    6.1951  0.1786E+12  0.3330E-01  0.1014E-02 -0.5724E-01  0.2804E+03  0.000
    5.8030 14  2   12.6895   64.0427   12.6895   29.5271   -4.2692    2.1462    0.0000    0.9513  -10.0000    6.1952  0.1784E+12  0.1643E-01  0.1150E-02 -0.6318E-01  0.2822E+03  0.000
    5.8030 14  2   12.7014   63.4023   12.7014   29.5288   -4.2688    2.1511    0.0000    0.9578  -10.0000    6.1952  0.1782E+12  0.9363E-02  0.1288E-02 -0.6896E-01  0.2840E+03  0.000
    5.8030 14  2   12.7136   62.7683   12.7136   29.5303   -4.2684    2.1556    0.0000    0.9634  -10.0000    6.1953  0.1779E+12  0.6384E-02  0.1429E-02 -0.7460E-01  0.2858E+03  0.000
    5.8030 14  2   12.7259   62.1406   12.7259   29.5317   -4.2679    2.1598    0.0000    0.9684  -10.0000    6.1953  0.1775E+12  0.5089E-02  0.1571E-02 -0.8011E-01  0.2876E+03  0.000
    5.8030 14  2   12.7384   61.5192   12.7384   29.5330   -4.2675    2.1637    0.0000    0.9728  -10.0000    6.1953  0.1771E+12  0.4481E-02  0.1716E-02 -0.8551E-01  0.2894E+03  0.000
    5.8030 14  2   12.7510   60.9040   12.7510   29.5342   -4.2671    2.1674    0.0000    0.9767  -10.0000    6.1953  0.1767E+12  0.4155E-02  0.1864E-02 -0.9080E-01  0.2912E+03  0.000
    5.8030 14  2   12.7638   60.2950   12.7638   29.5353   -4.2667    2.1708    0.0000    0.9802  -10.0000    6.1954  0.1763E+12  0.3945E-02  0.2015E-02 -0.9599E-01  0.2930E+03  0.000
    5.8031 14  2   12.7767   59.6920   12.7767   29.5363   -4.2662    2.1740    0.0000    0.9834  -10.0000    6.1954  0.1758E+12  0.3786E-02  0.2168E-02 -0.1011E+00  0.2948E+03  0.000
    5.8031 14  2   12.7898   59.0951   12.7898   29.5373   -4.2658    2.1771    0.0000    0.9861  -10.0000    6.1954  0.1754E+12  0.3651E-02  0.2325E-02 -0.1061E+00  0.2966E+03  0.000
    5.8031 14  2   12.8030   58.5041   12.8030   29.5383   -4.2653    2.1800    0.0000    0.9886  -10.0000    6.1954  0.1749E+12  0.3529E-02  0.2485E-02 -0.1110E+00  0.2984E+03  0.000
    5.8031 14  2   12.8164   57.9191   12.8164   29.5392   -4.2649    2.1827    0.0000    0.9908  -10.0000    6.1955  0.1745E+12  0.3417E-02  0.2647E-02 -0.1159E+00  0.3002E+03  0.000
    5.8031 14  2   12.8299   57.3399   12.8299   29.5400   -4.2644    2.1853    0.0000    0.9928  -10.0000    6.1955  0.1740E+12  0.3312E-02  0.2813E-02 -0.1207E+00  0.3020E+03  0.000
    5.8031 14  2   12.8435   56.7665   12.8435   29.5409   -4.2640    2.1879    0.0000    0.9945  -10.0000    6.1955  0.1735E+12  0.3212E-02  0.2982E-02 -0.1254E+00  0.3038E+03  0.000
    5.8031 14  2   12.8573   56.1988   12.8573   29.5416   -4.2635    2.1903    0.0000    0.9961  -10.0000    6.1955  0.1731E+12  0.3118E-02  0.3155E-02 -0.1300E+00  0.3056E+03  0.000
    5.8031 14  2   12.8712   55.6369   12.8712   29.5424   -4.2630    2.1926    0.0000    0.9974  -10.0000    6.1955  0.1726E+12  0.3029E-02  0.3330E-02 -0.1346E+00  0.3074E+03  0.000
    5.8031 14  2   12.8852   55.0805   12.8852   29.5431   -4.2625    2.1948    0.0000    0.9986  -10.0000    6.1955  0.1721E+12  0.2944E-02  0.3509E-02 -0.1391E+00  0.3092E+03  0.000
    5.8031 14  2   12.8994   54.5297   12.8994   29.5438   -4.2621    2.1969    0.0000    0.9996  -10.0000    6.1956  0.1716E+12  0.2863E-02  0.3692E-02 -0.1435E+00  0.3109E+03  0.000
    5.8031 14  2   12.9137   53.9844   12.9137   29.5444   -4.2616    2.1989    0.0000    1.0005  -10.0000    6.1956  0.1712E+12  0.2786E-02  0.0000E+00  0.0000E+00  0.3127E+03  0.000
    5.8031 14  7   12.9137   29.5444   12.9137    0.0000   -4.2616    0.2585    0.0000    0.2142  -10.0000    5.9479  0.1712E+12  0.2786E-02  0.1430E+05 -0.2499E+08  0.1873E+02  0.000
    5.8031 14  7   12.9137   29.5444   12.9137    0.0000   -4.2616    0.2585    0.0000    0.2142  -10.0000    5.9479  0.1712E+12  0.2786E-02  0.3877E-02 -0.1478E+00  0.1873E+02  0.000
    5.8066 14  7   12.9170   29.2490   12.9170    0.0000   -4.2615    0.2562    0.0000    0.2121  -10.0000    5.9434  0.1710E+12  0.1116E+00  0.9245E-06 -0.8354E-04  0.1885E+02  0.000
    5.8102 14  7   12.9202   28.9565   12.9202    0.0000   -4.2614    0.2539    0.0000    0.2101  -10.0000    5.9389  0.1709E+12  0.2038E+00  0.9118E-06 -0.8225E-04  0.1897E+02  0.000
    5.8138 14  7   12.9234   28.6669   12.9234    0.0000   -4.2613    0.2516    0.0000    0.2081  -10.0000    5.9344  0.1708E+12  0.2816E+00  0.8992E-06 -0.8098E-04  0.1909E+02  0.000
    5.8174 14  7   12.9266   28.3803   12.9266    0.0000   -4.2611    0.2493    0.0000    0.2061  -10.0000    5.9298  0.1706E+12  0.3465E+00  0.8868E-06 -0.7971E-04  0.1922E+02  0.000
    5.8210 14  7   12.9298   28.0964   12.9298    0.0000   -4.2610    0.2471    0.0000    0.2042  -10.0000    5.9252  0.1705E+12  0.4003E+00  0.8744E-06 -0.7847E-04  0.1934E+02  0.000
    5.8246 14  7   12.9329   27.8155   12.9329    0.0000   -4.2609    0.2448    0.0000    0.2022  -10.0000    5.9206  0.1704E+12  0.4444E+00  0.8622E-06 -0.7723E-04  0.1946E+02  0.000
    5.8283 14  7   12.9360   27.5373   12.9360    0.0000   -4.2608    0.2426    0.0000    0.2003  -10.0000    5.9159  0.1703E+12  0.4800E+00  0.8501E-06 -0.7601E-04  0.1959E+02  0.000
    5.8320 14  7   12.9391   27.2620   12.9391    0.0000   -4.2607    0.2403    0.0000    0.1984  -10.0000    5.9113  0.1702E+12  0.5082E+00  0.8381E-06 -0.7480E-04  0.1971E+02  0.000
    5.8357 14  7   12.9422   26.9893   12.9422    0.0000   -4.2606    0.2381    0.0000    0.1966  -10.0000    5.9066  0.1700E+12  0.5299E+00  0.8263E-06 -0.7361E-04  0.1983E+02  0.000
    5.8394 14  7   12.9452   26.7194   12.9452    0.0000   -4.2605    0.2359    0.0000    0.1948  -10.0000    5.9019  0.1699E+12  0.5460E+00  0.8145E-06 -0.7243E-04  0.1996E+02  0.000
    5.8431 14  7   12.9482   26.4522   12.9482    0.0000   -4.2604    0.2336    0.0000    0.1930  -10.0000    5.8972  0.1698E+12  0.5573E+00  0.8029E-06 -0.7126E-04  0.2008E+02  0.000
    5.8469 14  7   12.9512   26.1877   12.9512    0.0000   -4.2603    0.2314    0.0000    0.1912  -10.0000    5.8925  0.1697E+12  0.5644E+00  0.7914E-06 -0.7011E-04  0.2021E+02  0.000
    5.8507 14  7   12.9542   25.9258   12.9542    0.0000   -4.2602    0.2292    0.0000    0.1894  -10.0000    5.8877  0.1696E+12  0.5679E+00  0.7800E-06 -0.6897E-04  0.2034E+02  0.000
    5.8545 14  7   12.9571   25.6666   12.9571    0.0000   -4.2601    0.2270    0.0000    0.1877  -10.0000    5.8829  0.1694E+12  0.5684E+00  0.7688E-06 -0.6785E-04  0.2046E+02  0.000
    5.8584 14  7   12.9600   25.4099   12.9600    0.0000   -4.2600    0.2248    0.0000    0.1860  -10.0000    5.8781  0.1693E+12  0.5661E+00  0.7576E-06 -0.6674E-04  0.2059E+02  0.000
    5.8622 14  7   12.9629   25.1558   12.9629    0.0000   -4.2599    0.2227    0.0000    0.1843  -10.0000    5.8733  0.1692E+12  0.5617E+00  0.7466E-06 -0.6564E-04  0.2072E+02  0.000
    5.8661 14  7   12.9658   24.9043   12.9658    0.0000   -4.2598    0.2205    0.0000    0.1826  -10.0000    5.8684  0.1691E+12  0.5554E+00  0.7357E-06 -0.6455E-04  0.2085E+02  0.000
    5.8701 14  7   12.9686   24.6552   12.9686    0.0000   -4.2597    0.2183    0.0000    0.1810  -10.0000    5.8635  0.1690E+12  0.5474E+00  0.7250E-06 -0.6348E-04  0.2097E+02  0.000
    5.8740 14  7   12.9714   24.4087   12.9714    0.0000   -4.2596    0.2162    0.0000    0.1794  -10.0000    5.8587  0.1689E+12  0.5382E+00  0.7143E-06 -0.6242E-04  0.2110E+02  0.000
    5.8780 14  7   12.9742   24.1646   12.9742    0.0000   -4.2596    0.2140    0.0000    0.1778  -10.0000    5.8537  0.1688E+12  0.5279E+00  0.7038E-06 -0.6137E-04  0.2123E+02  0.000
    5.8820 14  7   12.9770   23.9229   12.9770    0.0000   -4.2595    0.2119    0.0000    0.1762  -10.0000    5.8488  0.1687E+12  0.5167E+00  0.6934E-06 -0.6034E-04  0.2136E+02  0.000
    5.8860 14  7   12.9798   23.6837   12.9798    0.0000   -4.2594    0.2098    0.0000    0.1747  -10.0000    5.8439  0.1686E+12  0.5048E+00  0.6831E-06 -0.5932E-04  0.2149E+02  0.000
    5.8901 14  7   12.9825   23.4469   12.9825    0.0000   -4.2593    0.2076    0.0000    0.1731  -10.0000    5.8389  0.1685E+12  0.4923E+00  0.6729E-06 -0.5831E-04  0.2162E+02  0.000
    5.8942 14  7   12.9852   23.2124   12.9852    0.0000   -4.2592    0.2055    0.0000    0.1716  -10.0000    5.8339  0.1684E+12  0.4795E+00  0.6629E-06 -0.5732E-04  0.2175E+02  0.000
    5.8983 14  7   12.9879   22.9803   12.9879    0.0000   -4.2591    0.2034    0.0000    0.1701  -10.0000    5.8289  0.1682E+12  0.4664E+00  0.6530E-06 -0.5634E-04  0.2188E+02  0.000
    5.9025 14  7   12.9906   22.7505   12.9906    0.0000   -4.2590    0.2013    0.0000    0.1687  -10.0000    5.8238  0.1681E+12  0.4530E+00  0.6432E-06 -0.5537E-04  0.2201E+02  0.000
    5.9066 14  7   12.9932   22.5230   12.9932    0.0000   -4.2589    0.1992    0.0000    0.1672  -10.0000    5.8188  0.1680E+12  0.4396E+00  0.6335E-06 -0.5442E-04  0.2214E+02  0.000
    5.9108 14  7   12.9959   22.2977   12.9959    0.0000   -4.2588    0.1971    0.0000    0.1658  -10.0000    5.8137  0.1679E+12  0.4262E+00  0.6239E-06 -0.5347E-04  0.2228E+02  0.000
    5.9151 14  7   12.9985   22.0748   12.9985    0.0000   -4.2587    0.1951    0.0000    0.1644  -10.0000    5.8086  0.1678E+12  0.4128E+00  0.6144E-06 -0.5254E-04  0.2241E+02  0.000
    5.9194 14  7   13.0011   21.8540   13.0011    0.0000   -4.2587    0.1930    0.0000    0.1630  -10.0000    5.8034  0.1677E+12  0.3994E+00  0.6051E-06 -0.5162E-04  0.2254E+02  0.000
    5.9237 14  7   13.0036   21.6355   13.0036    0.0000   -4.2586    0.1909    0.0000    0.1616  -10.0000    5.7983  0.1676E+12  0.3863E+00  0.5959E-06 -0.5072E-04  0.2267E+02  0.000
    5.9280 14  7   13.0062   21.4191   13.0062    0.0000   -4.2585    0.1889    0.0000    0.1602  -10.0000    5.7931  0.1675E+12  0.3733E+00  0.5868E-06 -0.4982E-04  0.2281E+02  0.000
    5.9324 14  7   13.0087   21.2049   13.0087    0.0000   -4.2584    0.1868    0.0000    0.1589  -10.0000    5.7879  0.1674E+12  0.3605E+00  0.5778E-06 -0.4894E-04  0.2294E+02  0.000
    5.9368 14  7   13.0112   20.9929   13.0112    0.0000   -4.2583    0.1848    0.0000    0.1576  -10.0000    5.7827  0.1673E+12  0.3480E+00  0.5689E-06 -0.4807E-04  0.2307E+02  0.000
    5.9413 14  7   13.0137   20.7830   13.0137    0.0000   -4.2582    0.1828    0.0000    0.1563  -10.0000    5.7775  0.1673E+12  0.3357E+00  0.5601E-06 -0.4721E-04  0.2321E+02  0.000
    5.9457 14  7   13.0162   20.5751   13.0162    0.0000   -4.2582    0.1807    0.0000    0.1550  -10.0000    5.7722  0.1672E+12  0.3237E+00  0.5514E-06 -0.4637E-04  0.2334E+02  0.000
    5.9503 14  7   13.0186   20.3694   13.0186    0.0000   -4.2581    0.1787    0.0000    0.1537  -10.0000    5.7669  0.1671E+12  0.3120E+00  0.5429E-06 -0.4553E-04  0.2347E+02  0.000
    5.9548 14  7   13.0211   20.1657   13.0211    0.0000   -4.2580    0.1767    0.0000    0.1525  -10.0000    5.7616  0.1670E+12  0.3006E+00  0.5344E-06 -0.4471E-04  0.2361E+02  0.000
    5.9594 14  7   13.0235   19.9640   13.0235    0.0000   -4.2579    0.1747    0.0000    0.1512  -10.0000    5.7563  0.1669E+12  0.2896E+00  0.5260E-06 -0.4390E-04  0.2374E+02  0.000
    5.9640 14  7   13.0259   19.7644   13.0259    0.0000   -4.2578    0.1726    0.0000    0.1500  -10.0000    5.7510  0.1668E+12  0.2788E+00  0.5178E-06 -0.4310E-04  0.2388E+02  0.000
    5.9687 14  7   13.0283   19.5667   13.0283    0.0000   -4.2577    0.1706    0.0000    0.1488  -10.0000    5.7456  0.1667E+12  0.2684E+00  0.5096E-06 -0.4231E-04  0.2401E+02  0.000
    5.9734 14  7   13.0306   19.3711   13.0306    0.0000   -4.2577    0.1686    0.0000    0.1476  -10.0000    5.7402  0.1666E+12  0.2582E+00  0.5016E-06 -0.4154E-04  0.2415E+02  0.000
    5.9782 14  7   13.0330   19.1774   13.0330    0.0000   -4.2576    0.1666    0.0000    0.1464  -10.0000    5.7348  0.1665E+12  0.2484E+00  0.4937E-06 -0.4077E-04  0.2429E+02  0.000
    5.9830 14  7   13.0353   18.9856   13.0353    0.0000   -4.2575    0.1646    0.0000    0.1452  -10.0000    5.7294  0.1664E+12  0.2390E+00  0.4858E-06 -0.4002E-04  0.2442E+02  0.000
    5.9878 14  7   13.0376   18.7957   13.0376    0.0000   -4.2574    0.1626    0.0000    0.1441  -10.0000    5.7239  0.1663E+12  0.2298E+00  0.4780E-06 -0.3927E-04  0.2456E+02  0.000
    5.9927 14  7   13.0399   18.6078   13.0399    0.0000   -4.2574    0.1606    0.0000    0.1429  -10.0000    5.7185  0.1662E+12  0.2210E+00  0.4704E-06 -0.3854E-04  0.2470E+02  0.000
    5.9976 14  7   13.0422   18.4217   13.0422    0.0000   -4.2573    0.1586    0.0000    0.1418  -10.0000    5.7130  0.1662E+12  0.2124E+00  0.4628E-06 -0.3782E-04  0.2483E+02  0.000
    6.0026 14  7   13.0444   18.2375   13.0444    0.0000   -4.2572    0.1566    0.0000    0.1407  -10.0000    5.7075  0.1661E+12  0.2042E+00  0.4553E-06 -0.3711E-04  0.2497E+02  0.000
    6.0076 14  7   13.0467   18.0551   13.0467    0.0000   -4.2571    0.1545    0.0000    0.1396  -10.0000    5.7019  0.1660E+12  0.1963E+00  0.4479E-06 -0.3641E-04  0.2511E+02  0.000
    6.0126 14  7   13.0489   17.8746   13.0489    0.0000   -4.2571    0.1525    0.0000    0.1385  -10.0000    5.6964  0.1659E+12  0.1886E+00  0.4406E-06 -0.3572E-04  0.2524E+02  0.000
    6.0177 14  7   13.0511   17.6958   13.0511    0.0000   -4.2570    0.1505    0.0000    0.1374  -10.0000    5.6908  0.1658E+12  0.1813E+00  0.4334E-06 -0.3504E-04  0.2538E+02  0.000
    6.0229 14  7   13.0533   17.5189   13.0533    0.0000   -4.2569    0.1484    0.0000    0.1363  -10.0000    5.6852  0.1657E+12  0.1742E+00  0.4262E-06 -0.3437E-04  0.2552E+02  0.000
    6.0281 14  7   13.0555   17.3437   13.0555    0.0000   -4.2568    0.1464    0.0000    0.1352  -10.0000    5.6796  0.1657E+12  0.1674E+00  0.4191E-06 -0.3371E-04  0.2566E+02  0.000
    6.0333 14  7   13.0576   17.1702   13.0576    0.0000   -4.2568    0.1443    0.0000    0.1342  -10.0000    5.6739  0.1656E+12  0.1609E+00  0.4121E-06 -0.3306E-04  0.2580E+02  0.000
    6.0386 14  7   13.0598   16.9985   13.0598    0.0000   -4.2567    0.1422    0.0000    0.1331  -10.0000    5.6682  0.1655E+12  0.1546E+00  0.4052E-06 -0.3242E-04  0.2593E+02  0.000
    6.0440 14  7   13.0619   16.8285   13.0619    0.0000   -4.2566    0.1401    0.0000    0.1321  -10.0000    5.6625  0.1654E+12  0.1486E+00  0.3983E-06 -0.3179E-04  0.2607E+02  0.000
    6.0494 14  7   13.0640   16.6603   13.0640    0.0000   -4.2566    0.1380    0.0000    0.1310  -10.0000    5.6568  0.1653E+12  0.1428E+00  0.3915E-06 -0.3118E-04  0.2621E+02  0.000
    6.0548 14  7   13.0661   16.4936   13.0661    0.0000   -4.2565    0.1359    0.0000    0.1300  -10.0000    5.6511  0.1652E+12  0.1372E+00  0.3848E-06 -0.3057E-04  0.2635E+02  0.000
    6.0603 14  7   13.0682   16.3287   13.0682    0.0000   -4.2564    0.1337    0.0000    0.1289  -10.0000    5.6453  0.1652E+12  0.1319E+00  0.3781E-06 -0.2997E-04  0.2649E+02  0.000
    6.0659 14  7   13.0703   16.1654   13.0703    0.0000   -4.2563    0.1315    0.0000    0.1279  -10.0000    5.6395  0.1651E+12  0.1268E+00  0.3715E-06 -0.2938E-04  0.2663E+02  0.000
    6.0715 14  7   13.0723   16.0038   13.0723    0.0000   -4.2563    0.1292    0.0000    0.1269  -10.0000    5.6337  0.1650E+12  0.1219E+00  0.3649E-06 -0.2880E-04  0.2677E+02  0.000
    6.0771 14  7   13.0744   15.8437   13.0744    0.0000   -4.2562    0.1270    0.0000    0.1258  -10.0000    5.6279  0.1649E+12  0.1172E+00  0.3584E-06 -0.2822E-04  0.2691E+02  0.000
    6.0829 14  7   13.0764   15.6853   13.0764    0.0000   -4.2561    0.1247    0.0000    0.1248  -10.0000    5.6221  0.1649E+12  0.1127E+00  0.3519E-06 -0.2766E-04  0.2705E+02  0.000
    6.0887 14  7   13.0784   15.5284   13.0784    0.0000   -4.2561    0.1223    0.0000    0.1238  -10.0000    5.6162  0.1648E+12  0.1084E+00  0.3455E-06 -0.2711E-04  0.2718E+02  0.000
    6.0945 14  7   13.0804   15.3732   13.0804    0.0000   -4.2560    0.1199    0.0000    0.1227  -10.0000    5.6103  0.1647E+12  0.1043E+00  0.3391E-06 -0.2656E-04  0.2732E+02  0.000
    6.1004 14  7   13.0823   15.2194   13.0823    0.0000   -4.2559    0.1174    0.0000    0.1217  -10.0000    5.6044  0.1646E+12  0.1004E+00  0.3327E-06 -0.2603E-04  0.2746E+02  0.000
    6.1064 14  7   13.0843   15.0672   13.0843    0.0000   -4.2559    0.1149    0.0000    0.1206  -10.0000    5.5984  0.1646E+12  0.9665E-01  0.3264E-06 -0.2550E-04  0.2760E+02  0.000
    6.1124 14  7   13.0862   14.9166   13.0862    0.0000   -4.2558    0.1122    0.0000    0.1196  -10.0000    5.5925  0.1645E+12  0.9307E-01  0.3201E-06 -0.2498E-04  0.2774E+02  0.000
    6.1185 14  7   13.0881   14.7674   13.0881    0.0000   -4.2558    0.1096    0.0000    0.1185  -10.0000    5.5865  0.1644E+12  0.8966E-01  0.3138E-06 -0.2447E-04  0.2788E+02  0.000
    6.1247 14  7   13.0900   14.6197   13.0900    0.0000   -4.2557    0.1068    0.0000    0.1174  -10.0000    5.5805  0.1643E+12  0.8641E-01  0.3075E-06 -0.2397E-04  0.2802E+02  0.000
    6.1309 14  7   13.0919   14.4735   13.0919    0.0000   -4.2556    0.1039    0.0000    0.1164  -10.0000    5.5745  0.1643E+12  0.8332E-01  0.3012E-06 -0.2348E-04  0.2816E+02  0.000
    6.1372 14  7   13.0937   14.3288   13.0937    0.0000   -4.2556    0.1010    0.0000    0.1153  -10.0000    5.5684  0.1642E+12  0.8037E-01  0.2950E-06 -0.2300E-04  0.2830E+02  0.000
    6.1435 14  7   13.0956   14.1855   13.0956    0.0000   -4.2555    0.0979    0.0000    0.1141  -10.0000    5.5623  0.1641E+12  0.7757E-01  0.2887E-06 -0.2252E-04  0.2844E+02  0.000
    6.1500 14  7   13.0974   14.0436   13.0974    0.0000   -4.2554    0.0947    0.0000    0.1130  -10.0000    5.5562  0.1641E+12  0.7491E-01  0.2825E-06 -0.2205E-04  0.2858E+02  0.000
    6.1565 14  7   13.0992   13.9032   13.0992    0.0000   -4.2554    0.0914    0.0000    0.1119  -10.0000    5.5501  0.1640E+12  0.7239E-01  0.2762E-06 -0.2159E-04  0.2872E+02  0.000
    6.1631 14  7   13.1010   13.7642   13.1010    0.0000   -4.2553    0.0879    0.0000    0.1107  -10.0000    5.5440  0.1639E+12  0.7000E-01  0.2699E-06 -0.2114E-04  0.2886E+02  0.000
    6.1697 14  7   13.1027   13.6265   13.1027    0.0000   -4.2553    0.0842    0.0000    0.1095  -10.0000    5.5378  0.1639E+12  0.6774E-01  0.2636E-06 -0.2070E-04  0.2901E+02  0.000
    6.1764 14  7   13.1044   13.4903   13.1044    0.0000   -4.2552    0.0804    0.0000    0.1083  -10.0000    5.5316  0.1638E+12  0.6561E-01  0.2573E-06 -0.2026E-04  0.2915E+02  0.000
    6.1832 14  7   13.1062   13.3554   13.1062    0.0000   -4.2552    0.0764    0.0000    0.1070  -10.0000    5.5254  0.1637E+12  0.6361E-01  0.2509E-06 -0.1983E-04  0.2929E+02  0.000
    6.1901 14  7   13.1078   13.2218   13.1078    0.0000   -4.2551    0.0722    0.0000    0.1057  -10.0000    5.5192  0.1637E+12  0.6172E-01  0.2445E-06 -0.1941E-04  0.2943E+02  0.000
    6.1971 14  7   13.1095   13.0896   13.1095    0.0000   -4.2550    0.0678    0.0000    0.1044  -10.0000    5.5129  0.1636E+12  0.5996E-01  0.2380E-06 -0.1900E-04  0.2957E+02  0.000
    6.2041 14  7   13.1111   12.9587   13.1111    0.0000   -4.2550    0.0631    0.0000    0.1030  -10.0000    5.5066  0.1636E+12  0.5832E-01  0.2315E-06 -0.1859E-04  0.2971E+02  0.000
    6.2112 14  7   13.1127   12.8291   13.1127    0.0000   -4.2549    0.0581    0.0000    0.1016  -10.0000    5.5003  0.1635E+12  0.5680E-01  0.2250E-06 -0.1819E-04  0.2985E+02  0.000
    6.2184 14  7   13.1143   12.7008   13.1143    0.0000   -4.2549    0.0529    0.0000    0.1001  -10.0000    5.4940  0.1634E+12  0.5539E-01  0.2184E-06 -0.1780E-04  0.2999E+02  0.000
    6.2257 14  7   13.1158   12.5738   13.1158    0.0000   -4.2548    0.0473    0.0000    0.0986  -10.0000    5.4876  0.1634E+12  0.5410E-01  0.2117E-06 -0.1742E-04  0.3013E+02  0.000
    6.2331 14  7   13.1174   12.4481   13.1174    0.0000   -4.2548    0.0413    0.0000    0.0970  -10.0000    5.4813  0.1633E+12  0.5294E-01  0.2050E-06 -0.1704E-04  0.3027E+02  0.000
    6.2406 14  7   13.1188   12.3236   13.1188    0.0000   -4.2547    0.0350    0.0000    0.0954  -10.0000    5.4749  0.1633E+12  0.5189E-01  0.1982E-06 -0.1667E-04  0.3041E+02  0.000
    6.2481 14  7   13.1203   12.2004   13.1203    0.0000   -4.2547    0.0282    0.0000    0.0937  -10.0000    5.4684  0.1632E+12  0.5097E-01  0.1912E-06 -0.1630E-04  0.3055E+02  0.000
    6.2541 14  7   13.1214   12.1056   13.1214    0.0000   -4.2547    0.0226    0.0000    0.0924  -10.0000    5.4634  0.1632E+12  0.5036E-01  0.1843E-06 -0.1595E-04  0.3066E+02  0.000
    6.2541 14  7   13.1214   12.1051   13.1214    0.0000   -4.2547    0.0226    0.0000    0.0924  -10.0000    5.4634  0.1632E+12  0.5036E-01  0.1788E-06 -0.1567E-04  0.3066E+02  0.000
    6.2541 14  8   13.1214   12.1051   13.1214    8.5391   -4.2547    0.0226    0.0000    0.0924  -10.0000    5.4634  0.1632E+12  0.2536E+00  0.1787E-06 -0.1567E-04  0.3066E+02  0.000
    6.2550 14  8   13.1215   12.0907   13.1215    8.5606   -4.2546    0.0237    0.0000    0.0926  -10.0000    5.4689  0.1632E+12  0.2472E+00  0.1787E-06 -0.1567E-04  0.3068E+02  0.000
    6.2559 14  8   13.1217   12.0762   13.1217    8.5821   -4.2546    0.0249    0.0000    0.0928  -10.0000    5.4743  0.1632E+12  0.2408E+00  0.1832E-06 -0.1597E-04  0.3070E+02  0.000
    6.2568 14  8   13.1219   12.0616   13.1219    8.6037   -4.2546    0.0261    0.0000    0.0930  -10.0000    5.4798  0.1632E+12  0.2344E+00  0.1878E-06 -0.1627E-04  0.3071E+02  0.000
    6.2577 14  8   13.1221   12.0468   13.1221    8.6253   -4.2546    0.0273    0.0000    0.0933  -10.0000    5.4853  0.1631E+12  0.2281E+00  0.1924E-06 -0.1658E-04  0.3073E+02  0.000
    6.2586 14  8   13.1222   12.0319   13.1222    8.6470   -4.2546    0.0285    0.0000    0.0935  -10.0000    5.4907  0.1631E+12  0.2217E+00  0.1973E-06 -0.1690E-04  0.3075E+02  0.000
    6.2595 14  8   13.1224   12.0169   13.1224    8.6688   -4.2546    0.0297    0.0000    0.0937  -10.0000    5.4962  0.1631E+12  0.2154E+00  0.2022E-06 -0.1722E-04  0.3077E+02  0.000
    6.2604 14  8   13.1226   12.0017   13.1226    8.6906   -4.2546    0.0309    0.0000    0.0940  -10.0000    5.5016  0.1631E+12  0.2091E+00  0.2073E-06 -0.1755E-04  0.3078E+02  0.000
    6.2612 14  8   13.1228   11.9864   13.1228    8.7125   -4.2546    0.0321    0.0000    0.0942  -10.0000    5.5071  0.1631E+12  0.2028E+00  0.2125E-06 -0.1788E-04  0.3080E+02  0.000
    6.2621 14  8   13.1229   11.9710   13.1229    8.7344   -4.2546    0.0334    0.0000    0.0944  -10.0000    5.5125  0.1631E+12  0.1966E+00  0.2179E-06 -0.1822E-04  0.3082E+02  0.000
    6.2629 14  8   13.1231   11.9554   13.1231    8.7563   -4.2546    0.0346    0.0000    0.0947  -10.0000    5.5180  0.1631E+12  0.1904E+00  0.2234E-06 -0.1857E-04  0.3084E+02  0.000
    6.2637 14  8   13.1233   11.9397   13.1233    8.7784   -4.2546    0.0359    0.0000    0.0950  -10.0000    5.5234  0.1631E+12  0.1842E+00  0.2291E-06 -0.1892E-04  0.3085E+02  0.000
    6.2645 14  8   13.1235   11.9238   13.1235    8.8005   -4.2546    0.0372    0.0000    0.0952  -10.0000    5.5289  0.1631E+12  0.1781E+00  0.2349E-06 -0.1928E-04  0.3087E+02  0.000
    6.2654 14  8   13.1237   11.9079   13.1237    8.8226   -4.2546    0.0386    0.0000    0.0955  -10.0000    5.5344  0.1631E+12  0.1720E+00  0.2410E-06 -0.1965E-04  0.3089E+02  0.000
    6.2662 14  8   13.1239   11.8917   13.1239    8.8448   -4.2546    0.0399    0.0000    0.0957  -10.0000    5.5398  0.1631E+12  0.1660E+00  0.2471E-06 -0.2002E-04  0.3091E+02  0.000
    6.2670 14  8   13.1241   11.8755   13.1241    8.8670   -4.2546    0.0413    0.0000    0.0960  -10.0000    5.5453  0.1631E+12  0.1600E+00  0.2535E-06 -0.2040E-04  0.3093E+02  0.000
    6.2678 14  8   13.1243   11.8590   13.1243    8.8894   -4.2546    0.0427    0.0000    0.0963  -10.0000    5.5507  0.1631E+12  0.1541E+00  0.2601E-06 -0.2079E-04  0.3095E+02  0.000
    6.2685 14  8   13.1245   11.8425   13.1245    8.9117   -4.2546    0.0441    0.0000    0.0966  -10.0000    5.5562  0.1631E+12  0.1483E+00  0.2668E-06 -0.2119E-04  0.3097E+02  0.000
    6.2693 14  8   13.1247   11.8258   13.1247    8.9341   -4.2545    0.0455    0.0000    0.0969  -10.0000    5.5616  0.1630E+12  0.1425E+00  0.2738E-06 -0.2159E-04  0.3099E+02  0.000
    6.2701 14  8   13.1250   11.8089   13.1250    8.9566   -4.2545    0.0470    0.0000    0.0972  -10.0000    5.5671  0.1630E+12  0.1368E+00  0.2810E-06 -0.2200E-04  0.3101E+02  0.000
    6.2708 14  8   13.1252   11.7919   13.1252    8.9791   -4.2545    0.0485    0.0000    0.0975  -10.0000    5.5725  0.1630E+12  0.1311E+00  0.2884E-06 -0.2242E-04  0.3103E+02  0.000
    6.2716 14  8   13.1254   11.7748   13.1254    9.0017   -4.2545    0.0500    0.0000    0.0978  -10.0000    5.5780  0.1630E+12  0.1256E+00  0.2960E-06 -0.2285E-04  0.3105E+02  0.000
    6.2718 14 14   13.1255   11.7705   13.1255   11.7705   -4.2545   -4.3018    0.0000    0.0000  -10.0000  -10.0000  0.1630E+12  0.2000E+09  0.3039E-06 -0.2328E-04  0.3103E+02  0.000
    6.3718 14 14   13.1255   11.7705   13.1255   11.7705   -4.2545   -4.3018    0.0000    0.0000  -10.0000  -10.0000  0.1630E+12  0.2000E+09  0.0000E+00  0.0000E+00  0.3103E+02  0.000
    7.3718 14 14   13.1255   11.7705   13.1255   11.7705   -4.2545   -4.3018    0.0000    0.0000  -10.0000  -10.0000  0.1630E+12  0.2000E+09  0.0000E+00  0.0000E+00  0.3103E+02  0.000
   10.0000 14 14   13.1255   11.7705   13.1255   11.7705   -4.2545   -4.3018    0.0000    0.0000  -10.0000  -10.0000  0.1630E+12  0.2000E+09  0.0000E+00  0.0000E+00  0.3103E+02  0.000
   10.0000 14 14   13.1255   11.7705   13.1255   11.7705   -4.2545   -4.3018    0.0000    0.0000  -10.0000  -10.0000  0.1630E+12  0.2000E+09 -0.0000E+00  0.0000E+00  0.3103E+02  0.000