    0.0000  1  1   90.0000   45.0000    0.0000    0.0000    1.1144    0.9323    0.2145    0.1934    6.0142    5.4420  0.5856E+03  0.9881E+03  0.0000E+00  0.0000E+00  0.1379E+03  0.000
    0.1773  1  1   89.5306   44.9475    0.0000    0.0000    1.1248    0.9403    0.2191    0.1961    6.0208    5.4495  0.5462E+03  0.9637E+03 -0.2648E-05 -0.2963E-06  0.1384E+03  0.000
    0.3548  1  1   89.0427   44.8932    0.0000    0.0000    1.1354    0.9483    0.2239    0.1988    6.0281    5.4574  0.5068E+03  0.9391E+03 -0.2749E-05 -0.3057E-06  0.1389E+03  0.000
    0.5325  1  1   88.5343   44.8371    0.0000    0.0000    1.1465    0.9565    0.2290    0.2016    6.0359    5.4656  0.4674E+03  0.9140E+03 -0.2860E-05 -0.3156E-06  0.1395E+03  0.000
    0.7106  1  1   88.0032   44.7791    0.0000    0.0000    1.1583    0.9649    0.2345    0.2044    6.0444    5.4741  0.4277E+03  0.8885E+03 -0.2983E-05 -0.3261E-06  0.1400E+03  0.000
    0.8890  1  1   87.4467   44.7189    0.0000    0.0000    1.1711    0.9736    0.2407    0.2074    6.0534    5.4830  0.3878E+03  0.8622E+03 -0.3120E-05 -0.3371E-06  0.1406E+03  0.000
    1.0676  1  1   86.8616   44.6567    0.0000    0.0000    1.1850    0.9827    0.2477    0.2105    6.0630    5.4923  0.3478E+03  0.8352E+03 -0.3275E-05 -0.3485E-06  0.1413E+03  0.000
    1.2466  1  1   86.2440   44.5921    0.0000    0.0000    1.2003    0.9921    0.2557    0.2138    6.0730    5.5019  0.3077E+03  0.8073E+03 -0.3450E-05 -0.3605E-06  0.1420E+03  0.000
    1.4260  1  1   85.5895   44.5253    0.0000    0.0000    1.2173    1.0021    0.2648    0.2174    6.0834    5.5119  0.2679E+03  0.7783E+03 -0.3649E-05 -0.3728E-06  0.1427E+03  0.000
    1.6057  1  1   84.8929   44.4560    0.0000    0.0000    1.2362    1.0126    0.2755    0.2211    6.0941    5.5222  0.2289E+03  0.7482E+03 -0.3875E-05 -0.3854E-06  0.1435E+03  0.000
    1.7859  1  1   84.1481   44.3843    0.0000    0.0000    1.2572    1.0239    0.2879    0.2252    6.1051    5.5329  0.1912E+03  0.7169E+03 -0.4134E-05 -0.3980E-06  0.1443E+03  0.000
    1.9666  1  1   83.3479   44.3102    0.0000    0.0000    1.2807    1.0358    0.3026    0.2296    6.1162    5.5439  0.1560E+03  0.6843E+03 -0.4430E-05 -0.4104E-06  0.1452E+03  0.000
    2.1413  1  1   82.5144   44.2364    0.0000    0.0000    1.3061    1.0481    0.3193    0.2343    6.1270    5.5549  0.1257E+03  0.6514E+03 -0.4771E-05 -0.4220E-06  0.1461E+03  0.000
    2.3015  1  1   81.6893   44.1673    0.0000    0.0000    1.3322    1.0601    0.3377    0.2389    6.1368    5.5652  0.1029E+03  0.6202E+03 -0.5151E-05 -0.4316E-06  0.1469E+03  0.000
    2.4486  1  1   80.8724   44.1029    0.0000    0.0000    1.3590    1.0718    0.3578    0.2436    6.1455    5.5750  0.8814E+02  0.5905E+03 -0.5552E-05 -0.4380E-06  0.1478E+03  0.000
    2.5840  1  1   80.0637   44.0432    0.0000    0.0000    1.3867    1.0832    0.3802    0.2482    6.1533    5.5842  0.8143E+02  0.5624E+03 -0.5975E-05 -0.4405E-06  0.1485E+03  0.000
    2.7086  1  1   79.2630   43.9886    0.0000    0.0000    1.4156    1.0943    0.4052    0.2530    6.1600    5.5928  0.8227E+02  0.5361E+03 -0.6423E-05 -0.4379E-06  0.1492E+03  0.000
    2.8235  1  1   78.4704   43.9393    0.0000    0.0000    1.4457    1.1051    0.4334    0.2578    6.1658    5.6010  0.8887E+02  0.5117E+03 -0.6900E-05 -0.4292E-06  0.1497E+03  0.000
    2.9294  1  1   77.6857   43.8956    0.0000    0.0000    1.4771    1.1156    0.4653    0.2627    6.1707    5.6086  0.9571E+02  0.4896E+03 -0.7410E-05 -0.4129E-06  0.1502E+03  0.000
    3.0270  1  1   76.9088   43.8578    0.0000    0.0000    1.5099    1.1258    0.5011    0.2674    6.1747    5.6159  0.9225E+02  0.4700E+03 -0.7956E-05 -0.3871E-06  0.1507E+03  0.000
    3.1171  1  1   76.1397   43.8263    0.0000    0.0000    1.5441    1.1358    0.5417    0.2722    6.1779    5.6227  0.9046E+02  0.4524E+03 -0.8544E-05 -0.3501E-06  0.1512E+03  0.000
    3.2000  1  1   75.3783   43.8015    0.0000    0.0000    1.5796    1.1454    0.5876    0.2770    6.1803    5.6292  0.8853E+02  0.4373E+03 -0.9176E-05 -0.2993E-06  0.1515E+03  0.000
    3.2765  1  1   74.6246   43.7837    0.0000    0.0000    1.6162    1.1548    0.6395    0.2819    6.1819    5.6354  0.8679E+02  0.4248E+03 -0.9857E-05 -0.2320E-06  0.1518E+03  0.000
    3.3381  1  1   73.9727   43.7748    0.0000    0.0000    1.6487    1.1627    0.6902    0.2863    6.1826    5.6405  0.8880E+02  0.4164E+03 -0.1059E-04 -0.1453E-06  0.1518E+03  0.000
    3.3762  1  1   73.5434   43.7728    0.0000    0.0000    1.6704    1.1677    0.7270    0.2896    6.1828    5.6437  0.9604E+02  0.4129E+03 -0.1126E-04 -0.5142E-07  0.1517E+03  0.000
    3.4103  1  1   73.1435   43.7736    0.0000    0.0000    1.6908    1.1724    0.7633    0.2925    6.1827    5.6467  0.9587E+02  0.4116E+03 -0.1172E-04  0.2135E-07  0.1516E+03  0.000
    3.4337  1  1   72.8594   43.7758    0.0000    0.0000    1.7054    1.1757    0.7911    0.2948    6.1826    5.6488  0.1007E+03  0.4117E+03 -0.1216E-04  0.9702E-07  0.1514E+03  0.000
    3.4567  1  1   72.5725   43.7794    0.0000    0.0000    1.7202    1.1790    0.8199    0.2970    6.1823    5.6509  0.1000E+03  0.4130E+03 -0.1249E-04  0.1567E-06  0.1513E+03  0.000
    3.4731  1  1   72.3612   43.7831    0.0000    0.0000    1.7312    1.1814    0.8425    0.2988    6.1821    5.6524  0.1037E+03  0.4146E+03 -0.1282E-04  0.2210E-06  0.1511E+03  0.000
    3.4902  1  1   72.1387   43.7877    0.0000    0.0000    1.7428    1.1839    0.8667    0.3006    6.1818    5.6540  0.1028E+03  0.4171E+03 -0.1307E-04  0.2723E-06  0.1510E+03  0.000
    3.5028  1  1   71.9706   43.7918    0.0000    0.0000    1.7516    1.1858    0.8860    0.3021    6.1815    5.6552  0.1057E+03  0.4194E+03 -0.1334E-04  0.3287E-06  0.1507E+03  0.000
    3.5161  1  1   71.7898   43.7968    0.0000    0.0000    1.7610    1.1879    0.9069    0.3036    6.1812    5.6565  0.1049E+03  0.4226E+03 -0.1355E-04  0.3742E-06  0.1506E+03  0.000
    3.5262  1  1   71.6502   43.8011    0.0000    0.0000    1.7684    1.1894    0.9239    0.3050    6.1809    5.6574  0.1072E+03  0.4253E+03 -0.1377E-04  0.4246E-06  0.1504E+03  0.000
    3.5371  1  1   71.4986   43.8062    0.0000    0.0000    1.7763    1.1911    0.9424    0.3063    6.1806    5.6585  0.1065E+03  0.4288E+03 -0.1394E-04  0.4657E-06  0.1503E+03  0.000
    3.5456  1  1   71.3792   43.8105    0.0000    0.0000    1.7826    1.1924    0.9576    0.3075    6.1803    5.6593  0.1084E+03  0.4318E+03 -0.1413E-04  0.5114E-06  0.1501E+03  0.000
    3.5547  1  1   71.2491   43.8155    0.0000    0.0000    1.7895    1.1939    0.9742    0.3086    6.1800    5.6603  0.1078E+03  0.4355E+03 -0.1429E-04  0.5492E-06  0.1499E+03  0.000
    3.5619  1  1   71.1446   43.8198    0.0000    0.0000    1.7950    1.1950    0.9881    0.3097    6.1797    5.6610  0.1094E+03  0.4386E+03 -0.1445E-04  0.5910E-06  0.1498E+03  0.000
    3.5683  1  1   71.0508   43.8238    0.0000    0.0000    1.7999    1.1960    1.0005    0.3106    6.1795    5.6616  0.1090E+03  0.4417E+03  0.0000E+00  0.0000E+00  0.1496E+03  0.000
    3.5683  1  1   71.0506   43.8238    0.0000    0.0000    1.7999    1.1961    1.0006    0.3106    6.1795    5.6616  0.1096E+03  0.4417E+03 -0.1470E-04  0.6564E-06  0.1496E+03  0.000
    3.5684  1  1   71.0501   43.8238    0.0000    0.0000    1.7999    1.1961    1.0009    0.3107    6.1795    5.6616  0.1104E+03  0.4417E+03 -0.1470E-04  0.6563E-06  0.1496E+03  0.000
    3.5684  1  1   71.0492   43.8239    0.0000    0.0000    1.8000    1.1961    1.0013    0.3107    6.1795    5.6616  0.1119E+03  0.4418E+03 -0.1470E-04  0.6560E-06  0.1496E+03  0.000
    3.5686  1  1   71.0474   43.8240    0.0000    0.0000    1.8001    1.1961    1.0019    0.3109    6.1795    5.6617  0.1141E+03  0.4418E+03 -0.1470E-04  0.6556E-06  0.1495E+03  0.000
    3.5688  1  1   71.0437   43.8241    0.0000    0.0000    1.8003    1.1961    1.0028    0.3110    6.1795    5.6617  0.1161E+03  0.4420E+03 -0.1469E-04  0.6550E-06  0.1494E+03  0.000
    3.5693  1  1   71.0364   43.8245    0.0000    0.0000    1.8007    1.1962    1.0037    0.3111    6.1795    5.6617  0.1159E+03  0.4423E+03 -0.1469E-04  0.6543E-06  0.1494E+03  0.000
    3.5703  1  1   71.0218   43.8251    0.0000    0.0000    1.8014    1.1964    1.0055    0.3112    6.1794    5.6618  0.1157E+03  0.4428E+03 -0.1469E-04  0.6541E-06  0.1494E+03  0.000
    3.5723  1  1   70.9926   43.8264    0.0000    0.0000    1.8030    1.1967    1.0092    0.3114    6.1793    5.6620  0.1151E+03  0.4439E+03 -0.1468E-04  0.6537E-06  0.1494E+03  0.000
    3.5763  1  1   70.9343   43.8290    0.0000    0.0000    1.8061    1.1973    1.0167    0.3118    6.1792    5.6625  0.1141E+03  0.4461E+03 -0.1468E-04  0.6530E-06  0.1494E+03  0.000
    3.5842  1  1   70.8176   43.8342    0.0000    0.0000    1.8123    1.1986    1.0319    0.3126    6.1789    5.6633  0.1120E+03  0.4504E+03 -0.1467E-04  0.6516E-06  0.1494E+03  0.000
    3.6001  1  1   70.5845   43.8445    0.0000    0.0000    1.8251    1.2012    1.0636    0.3143    6.1782    5.6649  0.1078E+03  0.4584E+03 -0.1464E-04  0.6503E-06  0.1494E+03  0.000
    3.6243  1  1   70.2316   43.8605    0.0000    0.0000    1.8029    1.2053    1.0124    0.3170    6.1871    5.6674  0.1007E+03  0.4692E+03 -0.1461E-04  0.6589E-06  0.1493E+03  0.000
    3.6381  1  1   70.0249   43.8698    0.0000    0.0000    1.6956    1.2076    0.7931    0.3192    6.2008    5.6688  0.1583E+03  0.4743E+03 -0.1494E-04  0.6783E-06  0.1489E+03  0.000
    3.6381  1  1   70.0249   43.8698    0.0000    0.0000    1.6956    1.2076    0.7931    0.3192    6.2008    5.6688  0.1583E+03  0.4743E+03 -0.1494E-04  0.6782E-06  0.1489E+03  0.000
    3.6381  1  1   70.0247   43.8698    0.0000    0.0000    1.6954    1.2076    0.7927    0.3192    6.2008    5.6688  0.1580E+03  0.4743E+03 -0.1282E-04  0.1415E-06  0.1490E+03  0.000
    3.6381  2  1   70.0247   43.8698   29.8242    0.0000    1.6795    1.2076    0.7642    0.3192    6.2008    5.6688  0.2893E+03  0.4743E+03 -0.1281E-04  0.1406E-06  0.1490E+03  0.000
    3.6383  2  1   70.0145   43.8706   29.8540    0.0000    1.7618    1.2076    0.9236    0.3192    6.2015    5.6688  0.2124E+03  0.4749E+03 -0.6213E-04  0.4507E-05  0.1490E+03  0.000
    3.6384  2  1   70.0104   43.8709   29.8660    0.0000    1.7948    1.2077    0.9967    0.3192    6.2017    5.6689  0.1869E+03  0.4753E+03 -0.6238E-04  0.5640E-05  0.1490E+03  0.000
    3.6384  2  1   70.0102   43.8710   29.8666    0.0000    1.7966    1.2077    1.0008    0.3192    6.2018    5.6689  0.1857E+03  0.4753E+03  0.0000E+00  0.0000E+00  0.1490E+03  0.000
    3.6384  2  1   70.0102   43.8710   29.8667    0.0000    1.7968    1.2077    1.0011    0.3192    6.2018    5.6689  0.1860E+03  0.4753E+03 -0.6250E-04  0.6158E-05  0.1490E+03  0.000
    3.6384  2  1   70.0102   43.8710   29.8668    0.0000    1.7971    1.2077    1.0019    0.3192    6.2018    5.6689  0.1860E+03  0.4753E+03 -0.6250E-04  0.6158E-05  0.1490E+03  0.000
    3.6384  2  1   70.0101   43.8710   29.8671    0.0000    1.7978    1.2077    1.0034    0.3192    6.2018    5.6689  0.1861E+03  0.4753E+03 -0.6250E-04  0.6158E-05  0.1490E+03  0.000
    3.6384  2  1   70.0099   43.8710   29.8675    0.0000    1.7991    1.2077    1.0065    0.3192    6.2018    5.6689  0.1863E+03  0.4753E+03 -0.6250E-04  0.6158E-05  0.1490E+03  0.000
    3.6384  2  1   70.0096   43.8710   29.8685    0.0000    1.8017    1.2077    1.0126    0.3192    6.2018    5.6689  0.1866E+03  0.4754E+03 -0.6250E-04  0.6159E-05  0.1490E+03  0.000
    3.6384  2  1   70.0089   43.8711   29.8704    0.0000    1.8070    1.2077    1.0249    0.3192    6.2018    5.6689  0.1872E+03  0.4754E+03 -0.6251E-04  0.6160E-05  0.1490E+03  0.000
    3.6384  2  1   70.0076   43.8712   29.8742    0.0000    1.8175    1.2077    1.0501    0.3192    6.2019    5.6689  0.1885E+03  0.4756E+03 -0.6253E-04  0.6162E-05  0.1490E+03  0.000
    3.6385  2  1   70.0050   43.8715   29.8818    0.0000    1.8386    1.2077    1.1023    0.3192    6.2021    5.6689  0.1911E+03  0.4758E+03 -0.6257E-04  0.6171E-05  0.1490E+03  0.000
    3.6385  2  1   69.9997   43.8720   29.8971    0.0000    1.8807    1.2077    1.2146    0.3192    6.2024    5.6689  0.1959E+03  0.4763E+03 -0.6267E-04  0.6214E-05  0.1490E+03  0.000
    3.6387  2  1   69.9894   43.8731   29.9269    0.0000    1.9630    1.2077    1.4679    0.3192    6.2031    5.6689  0.2043E+03  0.4774E+03 -0.6308E-04  0.6506E-05  0.1490E+03  0.000
    3.6389  2  1   69.9787   43.8745   29.9568    0.0000    2.0453    1.2078    1.7742    0.3191    6.2038    5.6690  0.2115E+03  0.4788E+03 -0.6545E-04  0.8650E-05  0.1490E+03  0.000
    3.6390  2  1   69.9670   43.8768   29.9866    0.0000    2.1276    1.2078    2.1443    0.3191    6.2044    5.6690  0.2174E+03  0.4811E+03 -0.7137E-04  0.1434E-04  0.1490E+03  0.000
    3.6392  2  1   69.9535   43.8810   30.0164    0.0000    2.2099    1.2078    2.5917    0.3191    6.2051    5.6691  0.2219E+03  0.4848E+03 -0.8257E-04  0.2531E-04  0.1490E+03  0.000
    3.6394  2  1   69.9370   43.8881   30.0462    0.0000    2.2922    1.2078    3.1327    0.3190    6.2057    5.6692  0.2247E+03  0.4909E+03 -0.1008E-03  0.4330E-04  0.1490E+03  0.000
    3.6395  2  1   69.9161   43.8995   30.0761    0.0000    2.3746    1.2078    3.7868    0.3190    6.2064    5.6694  0.2257E+03  0.5006E+03 -0.1278E-03  0.7005E-04  0.1490E+03  0.000
    3.6397  2  1   69.8891   43.9171   30.1059    0.0000    2.4569    1.2077    4.5779    0.3189    6.2070    5.6696  0.2241E+03  0.5153E+03 -0.1653E-03  0.1073E-03  0.1490E+03  0.000
    3.6398  2  1   69.8539   43.9427   30.1357    0.0000    2.5392    1.2076    5.5351    0.3187    6.2077    5.6700  0.2196E+03  0.5365E+03 -0.2150E-03  0.1567E-03  0.1490E+03  0.000
    3.6400  2  1   69.8083   43.9788   30.1655    0.0000    2.6216    1.2074    6.6938    0.3185    6.2084    5.6705  0.2115E+03  0.5661E+03 -0.2786E-03  0.2201E-03  0.1490E+03  0.000
    3.6402  2  1   69.7497   44.0277   30.1954    0.0000    2.7040    1.2072    8.0972    0.3182    6.2090    5.6711  0.1994E+03  0.6061E+03 -0.3580E-03  0.2992E-03  0.1490E+03  0.000
    3.6403  2  1   69.6753   44.0925   30.2252    0.0000    2.7865    1.2069    9.7987    0.3179    6.2097    5.6719  0.1830E+03  0.6587E+03 -0.4548E-03  0.3957E-03  0.1489E+03  0.000
    3.6405  2  1   69.5819   44.1762   30.2550    0.0000    2.8690    1.2065   11.8643    0.3175    6.2103    5.6730  0.1623E+03  0.7265E+03 -0.5708E-03  0.5115E-03  0.1488E+03  0.000
    3.6407  2  1   69.4660   44.2823   30.2848    0.0000    2.9515    1.2059   14.3765    0.3172    6.2110    5.6744  0.1380E+03  0.8119E+03 -0.7079E-03  0.6483E-03  0.1487E+03  0.000
    3.6408  2  1   69.3239   44.4145   30.3147    0.0000    3.0342    1.2052   17.4387    0.3168    6.2117    5.6761  0.1113E+03  0.9179E+03 -0.8681E-03  0.8080E-03  0.1484E+03  0.000
    3.6410  2  1   69.1516   44.5770   30.3445    0.0000    3.1169    1.2044   21.1820    0.3166    6.2123    5.6782  0.8400E+02  0.1047E+04 -0.1053E-02  0.9929E-03  0.1480E+03  0.000
    3.6412  2  1   68.9444   44.7742   30.3743    0.0000    3.1998    1.2035   25.7726    0.3165    6.2130    5.6807  0.5832E+02  0.1204E+04 -0.1266E-02  0.1205E-02  0.1475E+03  0.000
    3.6413  2  1   68.6976   45.0110   30.4041    0.0000    3.2829    1.2024   31.4226    0.3166    6.2136    5.6837  0.3106E+02  0.1390E+04 -0.1508E-02  0.1447E-02  0.1467E+03  0.000
    3.6414  4  1   68.5366   45.1664   30.4206    0.0000    3.3288    1.2017   35.2119    0.3179    6.2140    5.6857  0.1768E+02  0.1511E+04 -0.1782E-02  0.1720E-02  0.1457E+03  0.000
    3.6415  4  1   68.1939   45.5029   30.4217    0.0000    3.3297    1.2002   35.8320    0.3199    6.2140    5.6899  0.3218E+02  0.1771E+04 -0.3457E-02  0.3395E-02  0.1439E+03  0.000
    3.6416  4  1   67.8530   45.8378   30.4228    0.0000    3.3306    1.1988   36.4140    0.3216    6.2140    5.6941  0.4319E+02  0.2025E+04 -0.3508E-02  0.3446E-02  0.1422E+03  0.000
    3.6417  4  1   67.5137   46.1711   30.4239    0.0000    3.3314    1.1976   36.8751    0.3223    6.2141    5.6983  0.5126E+02  0.2118E+04 -0.3555E-02  0.3492E-02  0.1411E+03  0.000
    3.6418  4  1   67.1761   46.5028   30.4249    0.0000    3.3323    1.1964   37.2685    0.3224    6.2141    5.7024  0.5711E+02  0.2135E+04 -0.3592E-02  0.3529E-02  0.1403E+03  0.000
    3.6419  4  1   66.8402   46.8327   30.4260    0.0000    3.3331    1.1953   37.6433    0.3224    6.2141    5.7065  0.6139E+02  0.2151E+04 -0.3624E-02  0.3561E-02  0.1395E+03  0.000
    3.6420  4  1   66.5061   47.1611   30.4270    0.0000    3.3340    1.1942   38.0037    0.3223    6.2141    5.7106  0.6448E+02  0.2167E+04 -0.3654E-02  0.3591E-02  0.1388E+03  0.000
    3.6421  4  1   66.1735   47.4878   30.4280    0.0000    3.3349    1.1933   38.3526    0.3221    6.2141    5.7146  0.6670E+02  0.2182E+04 -0.3683E-02  0.3619E-02  0.1382E+03  0.000
    3.6422  4  1   65.8427   47.8130   30.4290    0.0000    3.3357    1.1924   38.6922    0.3219    6.2142    5.7186  0.6828E+02  0.2197E+04 -0.3711E-02  0.3647E-02  0.1376E+03  0.000
    3.6422  4  1   65.5134   48.1365   30.4300    0.0000    3.3366    1.1915   39.0240    0.3217    6.2142    5.7225  0.6936E+02  0.2211E+04 -0.3738E-02  0.3673E-02  0.1370E+03  0.000
    3.6423  4  1   65.1859   48.4583   30.4310    0.0000    3.3374    1.1908   39.3491    0.3214    6.2142    5.7264  0.7009E+02  0.2225E+04 -0.3764E-02  0.3699E-02  0.1365E+03  0.000
    3.6424  4  1   64.8599   48.7786   30.4319    0.0000    3.3383    1.1901   39.6682    0.3212    6.2142    5.7303  0.7054E+02  0.2238E+04 -0.3790E-02  0.3725E-02  0.1360E+03  0.000
    3.6425  4  1   64.5356   49.0973   30.4329    0.0000    3.3391    1.1894   39.9820    0.3209    6.2142    5.7342  0.7078E+02  0.2251E+04 -0.3815E-02  0.3749E-02  0.1356E+03  0.000
    3.6426  4  1   64.2130   49.4144   30.4338    0.0000    3.3400    1.1888   40.2909    0.3206    6.2143    5.7380  0.7087E+02  0.2263E+04 -0.3840E-02  0.3774E-02  0.1351E+03  0.000
    3.6427  4  1   63.8919   49.7299   30.4348    0.0000    3.3408    1.1882   40.5950    0.3203    6.2143    5.7418  0.7083E+02  0.2275E+04 -0.3864E-02  0.3798E-02  0.1347E+03  0.000
    3.6428  4  1   63.5724   50.0439   30.4357    0.0000    3.3417    1.1877   40.8947    0.3200    6.2143    5.7455  0.7069E+02  0.2287E+04 -0.3888E-02  0.3821E-02  0.1343E+03  0.000
    3.6428  4  1   63.2546   50.3563   30.4366    0.0000    3.3425    1.1872   41.1901    0.3197    6.2143    5.7492  0.7048E+02  0.2298E+04 -0.3911E-02  0.3844E-02  0.1339E+03  0.000
    3.6429  4  1   62.9383   50.6671   30.4375    0.0000    3.3433    1.1868   41.4812    0.3194    6.2143    5.7529  0.7021E+02  0.2309E+04 -0.3934E-02  0.3867E-02  0.1336E+03  0.000
    3.6430  4  1   62.6236   50.9764   30.4384    0.0000    3.3442    1.1863   41.7682    0.3190    6.2143    5.7566  0.6988E+02  0.2320E+04 -0.3957E-02  0.3889E-02  0.1333E+03  0.000
    3.6431  4  1   62.3105   51.2841   30.4393    0.0000    3.3450    1.1860   42.0510    0.3187    6.2144    5.7602  0.6951E+02  0.2330E+04 -0.3979E-02  0.3911E-02  0.1329E+03  0.000
    3.6432  4  1   61.9989   51.5903   30.4402    0.0000    3.3458    1.1856   42.3298    0.3183    6.2144    5.7638  0.6911E+02  0.2341E+04 -0.4001E-02  0.3932E-02  0.1326E+03  0.000
    3.6432  4  1   61.6889   51.8950   30.4410    0.0000    3.3467    1.1853   42.6045    0.3180    6.2144    5.7673  0.6867E+02  0.2350E+04 -0.4022E-02  0.3953E-02  0.1324E+03  0.000
    3.6433  4  1   61.3805   52.1981   30.4419    0.0000    3.3475    1.1850   42.8751    0.3176    6.2144    5.7708  0.6820E+02  0.2360E+04 -0.4043E-02  0.3974E-02  0.1321E+03  0.000
    3.6434  4  1   61.0736   52.4998   30.4428    0.0000    3.3483    1.1848   43.1416    0.3172    6.2144    5.7743  0.6770E+02  0.2369E+04 -0.4064E-02  0.3994E-02  0.1318E+03  0.000
    3.6435  4  1   60.7682   52.7999   30.4436    0.0000    3.3491    1.1845   43.4041    0.3168    6.2144    5.7778  0.6718E+02  0.2378E+04 -0.4084E-02  0.4014E-02  0.1316E+03  0.000
    3.6435  4  1   60.4644   53.0985   30.4444    0.0000    3.3500    1.1843   43.6625    0.3164    6.2145    5.7812  0.6663E+02  0.2387E+04 -0.4104E-02  0.4034E-02  0.1314E+03  0.000
    3.6436  4  1   60.1621   53.3957   30.4452    0.0000    3.3508    1.1841   43.9169    0.3160    6.2145    5.7846  0.6606E+02  0.2395E+04 -0.4124E-02  0.4053E-02  0.1312E+03  0.000
    3.6437  4  1   59.8613   53.6913   30.4461    0.0000    3.3516    1.1840   44.1671    0.3156    6.2145    5.7879  0.6548E+02  0.2404E+04 -0.4143E-02  0.4072E-02  0.1310E+03  0.000
    3.6437  4  1   59.5620   53.9855   30.4469    0.0000    3.3524    1.1838   44.4134    0.3151    6.2145    5.7913  0.6487E+02  0.2412E+04 -0.4162E-02  0.4091E-02  0.1308E+03  0.000
    3.6438  4  1   59.2641   54.2782   30.4477    0.0000    3.3532    1.1837   44.6555    0.3146    6.2145    5.7946  0.6425E+02  0.2420E+04 -0.4181E-02  0.4109E-02  0.1307E+03  0.000
    3.6439  4  1   58.9678   54.5694   30.4485    0.0000    3.3540    1.1836   44.8936    0.3142    6.2145    5.7978  0.6360E+02  0.2427E+04 -0.4199E-02  0.4127E-02  0.1305E+03  0.000
    3.6440  4  1   58.6730   54.8592   30.4493    0.0000    3.3548    1.1835   45.1276    0.3137    6.2145    5.8011  0.6294E+02  0.2435E+04 -0.4217E-02  0.4145E-02  0.1304E+03  0.000
    3.6440  4  1   58.3796   55.1475   30.4500    0.0000    3.3556    1.1835   45.3575    0.3132    6.2146    5.8043  0.6227E+02  0.2442E+04 -0.4235E-02  0.4162E-02  0.1303E+03  0.000
    3.6441  4  1   58.0877   55.4344   30.4508    0.0000    3.3564    1.1834   45.5833    0.3127    6.2146    5.8075  0.6158E+02  0.2449E+04 -0.4252E-02  0.4179E-02  0.1302E+03  0.000
    3.6442  4  1   57.7973   55.7198   30.4516    0.0000    3.3572    1.1834   45.8050    0.3121    6.2146    5.8106  0.6088E+02  0.2456E+04 -0.4269E-02  0.4196E-02  0.1301E+03  0.000
    3.6442  4  1   57.5083   56.0038   30.4523    0.0000    3.3580    1.1834   46.0227    0.3116    6.2146    5.8137  0.6016E+02  0.2463E+04 -0.4286E-02  0.4212E-02  0.1300E+03  0.000
    3.6443  4  1   57.2208   56.2864   30.4531    0.0000    3.3588    1.1833   46.2363    0.3110    6.2146    5.8168  0.5943E+02  0.2469E+04 -0.4302E-02  0.4228E-02  0.1299E+03  0.000
    3.6444  4  1   56.9346   56.5676   30.4538    0.0000    3.3596    1.1834   46.4458    0.3104    6.2146    5.8199  0.5868E+02  0.2476E+04 -0.4318E-02  0.4244E-02  0.1299E+03  0.000
    3.6444  4  1   56.6500   56.8474   30.4546    0.0000    3.3604    1.1834   46.6512    0.3098    6.2146    5.8230  0.5793E+02  0.2482E+04 -0.4334E-02  0.4259E-02  0.1298E+03  0.000
    3.6445  4  1   56.3667   57.1258   30.4553    0.0000    3.3612    1.1834   46.8525    0.3092    6.2147    5.8260  0.5717E+02  0.2488E+04 -0.4349E-02  0.4274E-02  0.1298E+03  0.000
    3.6446  4  1   56.0849   57.4027   30.4560    0.0000    3.3620    1.1834   47.0498    0.3086    6.2147    5.8290  0.5639E+02  0.2494E+04 -0.4364E-02  0.4289E-02  0.1298E+03  0.000
    3.6446  4  1   55.8045   57.6783   30.4567    0.0000    3.3627    1.1835   47.2429    0.3080    6.2147    5.8319  0.5560E+02  0.2500E+04 -0.4379E-02  0.4303E-02  0.1298E+03  0.000
    3.6447  4  1   55.5254   57.9525   30.4575    0.0000    3.3635    1.1836   47.4320    0.3073    6.2147    5.8349  0.5481E+02  0.2505E+04 -0.4393E-02  0.4317E-02  0.1298E+03  0.000
    3.6448  4  1   55.2478   58.2253   30.4582    0.0000    3.3643    1.1836   47.6171    0.3067    6.2147    5.8378  0.5401E+02  0.2511E+04 -0.4407E-02  0.4331E-02  0.1298E+03  0.000
    3.6448  4  1   54.9716   58.4968   30.4589    0.0000    3.3651    1.1837   47.7981    0.3060    6.2147    5.8407  0.5320E+02  0.2516E+04 -0.4421E-02  0.4344E-02  0.1298E+03  0.000
    3.6449  4  1   54.6967   58.7669   30.4596    0.0000    3.3658    1.1838   47.9750    0.3053    6.2147    5.8435  0.5238E+02  0.2521E+04 -0.4434E-02  0.4358E-02  0.1298E+03  0.000
    3.6449  4  1   54.4232   59.0356   30.4603    0.0000    3.3666    1.1839   48.1478    0.3046    6.2148    5.8464  0.5156E+02  0.2526E+04 -0.4448E-02  0.4370E-02  0.1299E+03  0.000
    3.6450  4  1   54.1511   59.3030   30.4609    0.0000    3.3674    1.1840   48.3167    0.3039    6.2148    5.8492  0.5073E+02  0.2531E+04 -0.4460E-02  0.4383E-02  0.1300E+03  0.000
    3.6451  4  1   53.8804   59.5691   30.4616    0.0000    3.3681    1.1841   48.4815    0.3032    6.2148    5.8519  0.4990E+02  0.2536E+04 -0.4473E-02  0.4395E-02  0.1300E+03  0.000
    3.6451  4  1   53.6110   59.8338   30.4623    0.0000    3.3689    1.1843   48.6422    0.3024    6.2148    5.8547  0.4906E+02  0.2541E+04 -0.4485E-02  0.4407E-02  0.1301E+03  0.000
    3.6452  4  1   53.3429   60.0972   30.4630    0.0000    3.3696    1.1844   48.7989    0.3017    6.2148    5.8574  0.4822E+02  0.2546E+04 -0.4497E-02  0.4419E-02  0.1302E+03  0.000
    3.6452  4  1   53.0762   60.3592   30.4636    0.0000    3.3704    1.1845   48.9516    0.3009    6.2148    5.8602  0.4737E+02  0.2550E+04 -0.4509E-02  0.4430E-02  0.1303E+03  0.000
    3.6453  4  1   52.8108   60.6200   30.4643    0.0000    3.3711    1.1847   49.1003    0.3001    6.2148    5.8628  0.4653E+02  0.2555E+04 -0.4520E-02  0.4441E-02  0.1304E+03  0.000
    3.6454  4  1   52.5468   60.8794   30.4649    0.0000    3.3718    1.1848   49.2450    0.2993    6.2148    5.8655  0.4568E+02  0.2559E+04 -0.4531E-02  0.4452E-02  0.1305E+03  0.000
    3.6454  4  1   52.2840   61.1376   30.4656    0.0000    3.3726    1.1850   49.3858    0.2985    6.2149    5.8682  0.4483E+02  0.2563E+04 -0.4542E-02  0.4463E-02  0.1307E+03  0.000
    3.6455  4  1   52.0226   61.3944   30.4662    0.0000    3.3733    1.1852   49.5225    0.2977    6.2149    5.8708  0.4398E+02  0.2567E+04 -0.4553E-02  0.4473E-02  0.1308E+03  0.000
    3.6455  4  1   51.7625   61.6500   30.4669    0.0000    3.3740    1.1853   49.6552    0.2969    6.2149    5.8734  0.4313E+02  0.2571E+04 -0.4563E-02  0.4483E-02  0.1310E+03  0.000
    3.6456  4  1   51.5037   61.9043   30.4675    0.0000    3.3748    1.1855   49.7840    0.2960    6.2149    5.8760  0.4228E+02  0.2575E+04 -0.4573E-02  0.4492E-02  0.1311E+03  0.000
    3.6456  4  1   51.2462   62.1573   30.4682    0.0000    3.3755    1.1857   49.9088    0.2952    6.2149    5.8785  0.4143E+02  0.2579E+04 -0.4582E-02  0.4502E-02  0.1313E+03  0.000
    3.6457  4  1   50.9899   62.4090   30.4688    0.0000    3.3762    1.1859   50.0297    0.2943    6.2149    5.8810  0.4059E+02  0.2583E+04 -0.4592E-02  0.4511E-02  0.1315E+03  0.000
    3.6458  4  1   50.7350   62.6594   30.4694    0.0000    3.3769    1.1861   50.1466    0.2934    6.2149    5.8835  0.3975E+02  0.2587E+04 -0.4601E-02  0.4520E-02  0.1316E+03  0.000
    3.6458  4  1   50.4813   62.9086   30.4700    0.0000    3.3776    1.1863   50.2597    0.2925    6.2149    5.8860  0.3890E+02  0.2590E+04 -0.4610E-02  0.4528E-02  0.1318E+03  0.000
    3.6459  4  1   50.2289   63.1566   30.4706    0.0000    3.3783    1.1865   50.3688    0.2916    6.2150    5.8885  0.3807E+02  0.2594E+04 -0.4618E-02  0.4537E-02  0.1321E+03  0.000
    3.6459  4  1   49.9778   63.4033   30.4712    0.0000    3.3790    1.1867   50.4739    0.2907    6.2150    5.8910  0.3723E+02  0.2597E+04 -0.4626E-02  0.4545E-02  0.1323E+03  0.000
    3.6460  4  1   49.7279   63.6488   30.4719    0.0000    3.3797    1.1869   50.5752    0.2898    6.2150    5.8934  0.3640E+02  0.2601E+04 -0.4634E-02  0.4552E-02  0.1325E+03  0.000
    3.6460  4  1   49.4792   63.8930   30.4725    0.0000    3.3804    1.1871   50.6726    0.2889    6.2150    5.8958  0.3558E+02  0.2604E+04 -0.4642E-02  0.4560E-02  0.1327E+03  0.000
    3.6461  4  1   49.2318   64.1360   30.4731    0.0000    3.3811    1.1873   50.7662    0.2879    6.2150    5.8982  0.3476E+02  0.2607E+04 -0.4650E-02  0.4567E-02  0.1330E+03  0.000
    3.6461  4  1   48.9857   64.3778   30.4736    0.0000    3.3818    1.1875   50.8558    0.2870    6.2150    5.9005  0.3395E+02  0.2610E+04 -0.4657E-02  0.4574E-02  0.1332E+03  0.000
    3.6462  4  1   48.7407   64.6183   30.4742    0.0000    3.3825    1.1877   50.9416    0.2860    6.2150    5.9029  0.3314E+02  0.2613E+04 -0.4664E-02  0.4581E-02  0.1335E+03  0.000
    3.6462  4  1   48.4970   64.8577   30.4748    0.0000    3.3831    1.1879   51.0236    0.2850    6.2150    5.9052  0.3234E+02  0.2616E+04 -0.4670E-02  0.4587E-02  0.1338E+03  0.000
    3.6463  4  1   48.2546   65.0959   30.4754    0.0000    3.3838    1.1882   51.1017    0.2841    6.2150    5.9075  0.3155E+02  0.2619E+04 -0.4677E-02  0.4593E-02  0.1340E+03  0.000
    3.6463  4  1   48.0133   65.3328   30.4760    0.0000    3.3845    1.1884   51.1760    0.2831    6.2151    5.9098  0.3077E+02  0.2622E+04 -0.4683E-02  0.4599E-02  0.1343E+03  0.000
    3.6464  4  1   47.7732   65.5686   30.4766    0.0000    3.3851    1.1886   51.2465    0.2821    6.2151    5.9121  0.2999E+02  0.2625E+04 -0.4689E-02  0.4605E-02  0.1346E+03  0.000
    3.6464  4  1   47.5343   65.8032   30.4771    0.0000    3.3858    1.1889   51.3131    0.2811    6.2151    5.9143  0.2922E+02  0.2628E+04 -0.4694E-02  0.4610E-02  0.1349E+03  0.000
    3.6465  4  1   47.2967   66.0366   30.4777    0.0000    3.3864    1.1891   51.3760    0.2800    6.2151    5.9166  0.2846E+02  0.2631E+04 -0.4700E-02  0.4615E-02  0.1352E+03  0.000
    3.6465  4  1   47.0602   66.2688   30.4783    0.0000    3.3871    1.1893   51.4351    0.2790    6.2151    5.9188  0.2771E+02  0.2633E+04 -0.4705E-02  0.4620E-02  0.1356E+03  0.000
    3.6466  4  1   46.8249   66.4999   30.4788    0.0000    3.3877    1.1896   51.4904    0.2780    6.2151    5.9210  0.2697E+02  0.2636E+04 -0.4710E-02  0.4625E-02  0.1359E+03  0.000
    3.6466  4  1   46.5908   66.7298   30.4794    0.0000    3.3883    1.1898   51.5419    0.2769    6.2151    5.9232  0.2623E+02  0.2638E+04 -0.4714E-02  0.4629E-02  0.1362E+03  0.000
    3.6467  4  1   46.3578   66.9585   30.4799    0.0000    3.3890    1.1900   51.5897    0.2759    6.2151    5.9253  0.2551E+02  0.2641E+04 -0.4719E-02  0.4633E-02  0.1366E+03  0.000
    3.6467  4  1   46.1260   67.1861   30.4805    0.0000    3.3896    1.1903   51.6337    0.2748    6.2151    5.9275  0.2480E+02  0.2643E+04 -0.4723E-02  0.4637E-02  0.1369E+03  0.000
    3.6468  4  1   45.8954   67.4126   30.4810    0.0000    3.3902    1.1905   51.6740    0.2738    6.2152    5.9296  0.2410E+02  0.2646E+04 -0.4726E-02  0.4641E-02  0.1373E+03  0.000
    3.6468  4  1   45.6659   67.6379   30.4816    0.0000    3.3908    1.1908   51.7105    0.2727    6.2152    5.9317  0.2340E+02  0.2648E+04 -0.4730E-02  0.4644E-02  0.1377E+03  0.000
    3.6469  4  1   45.4376   67.8621   30.4821    0.0000    3.3914    1.1910   51.7434    0.2716    6.2152    5.9338  0.2272E+02  0.2650E+04 -0.4733E-02  0.4647E-02  0.1380E+03  0.000
    3.6469  4  1   45.2104   68.0851   30.4827    0.0000    3.3920    1.1913   51.7724    0.2705    6.2152    5.9359  0.2205E+02  0.2652E+04 -0.4736E-02  0.4650E-02  0.1384E+03  0.000
    3.6470  4  1   44.9843   68.3070   30.4832    0.0000    3.3926    1.1915   51.7978    0.2694    6.2152    5.9379  0.2139E+02  0.2655E+04 -0.4739E-02  0.4653E-02  0.1388E+03  0.000
    3.6470  4  1   44.7594   68.5279   30.4837    0.0000    3.3932    1.1918   51.8195    0.2683    6.2152    5.9400  0.2075E+02  0.2657E+04 -0.4742E-02  0.4655E-02  0.1392E+03  0.000
    3.6471  4  1   44.5356   68.7476   30.4843    0.0000    3.3937    1.1920   51.8375    0.2672    6.2152    5.9420  0.2011E+02  0.2659E+04 -0.4744E-02  0.4657E-02  0.1396E+03  0.000
    3.6471  4  1   44.3130   68.9662   30.4848    0.0000    3.3943    1.1923   51.8517    0.2661    6.2152    5.9440  0.1949E+02  0.2661E+04 -0.4746E-02  0.4659E-02  0.1401E+03  0.000
    3.6472  4  1   44.0914   69.1837   30.4853    0.0000    3.3948    1.1925   51.8623    0.2650    6.2152    5.9460  0.1887E+02  0.2663E+04 -0.4748E-02  0.4661E-02  0.1405E+03  0.000
    3.6472  4  1   43.8709   69.4001   30.4858    0.0000    3.3954    1.1928   51.8692    0.2639    6.2152    5.9480  0.1827E+02  0.2665E+04 -0.4750E-02  0.4662E-02  0.1409E+03  0.000
    3.6473  4  1   43.6516   69.6154   30.4864    0.0000    3.3959    1.1930   51.8724    0.2627    6.2153    5.9500  0.1768E+02  0.2667E+04 -0.4751E-02  0.4664E-02  0.1414E+03  0.000
    3.6473  4  1   43.4333   69.8296   30.4869    0.0000    3.3965    1.1933   51.8719    0.2616    6.2153    5.9519  0.1710E+02  0.2669E+04 -0.4752E-02  0.4665E-02  0.1418E+03  0.000
    3.6474  4  1   43.2162   70.0428   30.4874    0.0000    3.3970    1.1935   51.8677    0.2605    6.2153    5.9538  0.1654E+02  0.2671E+04 -0.4753E-02  0.4665E-02  0.1423E+03  0.000
    3.6474  4  1   43.0001   70.2549   30.4879    0.0000    3.3975    1.1938   51.8598    0.2593    6.2153    5.9557  0.1598E+02  0.2672E+04 -0.4754E-02  0.4666E-02  0.1428E+03  0.000
    3.6474  4  1   42.7851   70.4659   30.4884    0.0000    3.3980    1.1941   51.8483    0.2582    6.2153    5.9577  0.1544E+02  0.2674E+04 -0.4754E-02  0.4666E-02  0.1433E+03  0.000
    3.6475  4  1   42.5711   70.6758   30.4889    0.0000    3.3985    1.1943   51.8330    0.2570    6.2153    5.9595  0.1491E+02  0.2676E+04 -0.4754E-02  0.4666E-02  0.1437E+03  0.000
    3.6475  4  1   42.3583   70.8848   30.4894    0.0000    3.3990    1.1946   51.8141    0.2558    6.2153    5.9614  0.1439E+02  0.2678E+04 -0.4754E-02  0.4666E-02  0.1442E+03  0.000
    3.6476  4  1   42.1465   71.0926   30.4899    0.0000    3.3995    1.1948   51.7915    0.2547    6.2153    5.9633  0.1389E+02  0.2679E+04 -0.4754E-02  0.4665E-02  0.1447E+03  0.000
    3.6476  4  1   41.9358   71.2994   30.4904    0.0000    3.3999    1.1951   51.7652    0.2535    6.2153    5.9651  0.1339E+02  0.2681E+04 -0.4753E-02  0.4664E-02  0.1453E+03  0.000
    3.6477  4  1   41.7261   71.5052   30.4909    0.0000    3.4004    1.1953   51.7352    0.2523    6.2153    5.9669  0.1291E+02  0.2682E+04 -0.4752E-02  0.4663E-02  0.1458E+03  0.000
    3.6477  4  1   41.5175   71.7099   30.4914    0.0000    3.4008    1.1956   51.7014    0.2512    6.2153    5.9688  0.1244E+02  0.2684E+04 -0.4751E-02  0.4662E-02  0.1463E+03  0.000
    3.6478  4  1   41.3099   71.9136   30.4919    0.0000    3.4013    1.1959   51.6640    0.2500    6.2154    5.9706  0.1198E+02  0.2686E+04 -0.4750E-02  0.4661E-02  0.1468E+03  0.000
    3.6478  4  1   41.1033   72.1163   30.4924    0.0000    3.4017    1.1961   51.6228    0.2488    6.2154    5.9724  0.1153E+02  0.2687E+04 -0.4748E-02  0.4659E-02  0.1474E+03  0.000
    3.6478  4  1   40.8978   72.3179   30.4929    0.0000    3.4021    1.1964   51.5779    0.2476    6.2154    5.9741  0.1110E+02  0.2689E+04 -0.4746E-02  0.4657E-02  0.1479E+03  0.000
    3.6479  4  1   40.6933   72.5186   30.4934    0.0000    3.4025    1.1966   51.5292    0.2464    6.2154    5.9759  0.1067E+02  0.2690E+04 -0.4744E-02  0.4655E-02  0.1485E+03  0.000
    3.6479  4  1   40.4898   72.7182   30.4939    0.0000    3.4029    1.1969   51.4767    0.2453    6.2154    5.9776  0.1026E+02  0.2691E+04 -0.4742E-02  0.4653E-02  0.1491E+03  0.000
    3.6480  4  1   40.2874   72.9169   30.4943    0.0000    3.4033    1.1972   51.4205    0.2441    6.2154    5.9794  0.9860E+01  0.2693E+04 -0.4739E-02  0.4650E-02  0.1496E+03  0.000
    3.6480  4  1   40.0860   73.1145   30.4948    0.0000    3.4036    1.1974   51.3604    0.2429    6.2154    5.9811  0.9470E+01  0.2694E+04 -0.4736E-02  0.4647E-02  0.1502E+03  0.000
    3.6481  4  1   39.8855   73.3111   30.4953    0.0000    3.4040    1.1977   51.2965    0.2417    6.2154    5.9828  0.9091E+01  0.2695E+04 -0.4733E-02  0.4644E-02  0.1508E+03  0.000
    3.6481  4  1   39.6861   73.5068   30.4958    0.0000    3.4043    1.1979   51.2288    0.2405    6.2154    5.9845  0.8722E+01  0.2697E+04 -0.4730E-02  0.4640E-02  0.1514E+03  0.000
    3.6481  4  1   39.4877   73.7014   30.4962    0.0000    3.4046    1.1982   51.1571    0.2393    6.2154    5.9862  0.8364E+01  0.2698E+04 -0.4726E-02  0.4637E-02  0.1520E+03  0.000
    3.6482  4  1   39.2902   73.8951   30.4967    0.0000    3.4049    1.1985   51.0816    0.2381    6.2154    5.9879  0.8017E+01  0.2699E+04 -0.4722E-02  0.4633E-02  0.1527E+03  0.000
    3.6482  4  1   39.0938   74.0878   30.4972    0.0000    3.4052    1.1987   51.0020    0.2369    6.2155    5.9895  0.7680E+01  0.2700E+04 -0.4718E-02  0.4628E-02  0.1533E+03  0.000
    3.6483  4  1   38.8983   74.2796   30.4976    0.0000    3.4054    1.1990   50.9185    0.2357    6.2155    5.9912  0.7354E+01  0.2702E+04 -0.4714E-02  0.4624E-02  0.1539E+03  0.000
    3.6483  4  1   38.7038   74.4704   30.4981    0.0000    3.4057    1.1992   50.8309    0.2345    6.2155    5.9928  0.7037E+01  0.2703E+04 -0.4709E-02  0.4619E-02  0.1546E+03  0.000
    3.6483  4  1   38.5103   74.6602   30.4986    0.0000    3.4059    1.1995   50.7392    0.2332    6.2155    5.9944  0.6731E+01  0.2704E+04 -0.4704E-02  0.4614E-02  0.1552E+03  0.000
    3.6484  4  1   38.3178   74.8491   30.4990    0.0000    3.4061    1.1997   50.6434    0.2320    6.2155    5.9960  0.6434E+01  0.2705E+04 -0.4699E-02  0.4609E-02  0.1559E+03  0.000
    3.6484  4  1   38.1262   75.0370   30.4995    0.0000    3.4063    1.2000   50.5434    0.2308    6.2155    5.9976  0.6146E+01  0.2706E+04 -0.4693E-02  0.4603E-02  0.1566E+03  0.000
    3.6485  4  1   37.9355   75.2239   30.4999    0.0000    3.4065    1.2003   50.4391    0.2296    6.2155    5.9992  0.5868E+01  0.2707E+04 -0.4687E-02  0.4597E-02  0.1572E+03  0.000
    3.6485  4  1   37.7459   75.4100   30.5004    0.0000    3.4066    1.2005   50.3305    0.2284    6.2155    6.0008  0.5600E+01  0.2708E+04 -0.4681E-02  0.4591E-02  0.1579E+03  0.000
    3.6485  4  1   37.5571   75.5951   30.5008    0.0000    3.4067    1.2008   50.2175    0.2272    6.2155    6.0024  0.5340E+01  0.2709E+04 -0.4675E-02  0.4585E-02  0.1586E+03  0.000
    3.6486  4  1   37.3693   75.7792   30.5013    0.0000    3.4068    1.2010   50.1000    0.2260    6.2155    6.0039  0.5089E+01  0.2710E+04 -0.4668E-02  0.4578E-02  0.1593E+03  0.000
    3.6486  4  1   37.1825   75.9625   30.5018    0.0000    3.4069    1.2013   49.9779    0.2248    6.2155    6.0054  0.4846E+01  0.2711E+04 -0.4661E-02  0.4571E-02  0.1600E+03  0.000
    3.6487  4  1   36.9966   76.1448   30.5022    0.0000    3.4069    1.2015   49.8511    0.2236    6.2156    6.0070  0.4612E+01  0.2712E+04 -0.4654E-02  0.4564E-02  0.1608E+03  0.000
    3.6487  4  1   36.8116   76.3262   30.5026    0.0000    3.4069    1.2018   49.7195    0.2223    6.2156    6.0085  0.4387E+01  0.2713E+04 -0.4646E-02  0.4556E-02  0.1615E+03  0.000
    3.6487  4  1   36.6275   76.5067   30.5031    0.0000    3.4069    1.2020   49.5829    0.2211    6.2156    6.0100  0.4169E+01  0.2714E+04 -0.4638E-02  0.4548E-02  0.1622E+03  0.000
    3.6488  4  1   36.4444   76.6862   30.5035    0.0000    3.4069    1.2023   49.4413    0.2199    6.2156    6.0115  0.3959E+01  0.2715E+04 -0.4630E-02  0.4540E-02  0.1630E+03  0.000
    3.6488  4  1   36.2622   76.8649   30.5040    0.0000    3.4068    1.2025   49.2945    0.2187    6.2156    6.0130  0.3757E+01  0.2716E+04 -0.4621E-02  0.4531E-02  0.1637E+03  0.000
    3.6489  4  1   36.0809   77.0427   30.5044    0.0000    3.4067    1.2028   49.1423    0.2175    6.2156    6.0145  0.3562E+01  0.2717E+04 -0.4612E-02  0.4522E-02  0.1645E+03  0.000
    3.6489  4  1   35.9005   77.2196   30.5049    0.0000    3.4065    1.2030   48.9846    0.2163    6.2156    6.0159  0.3375E+01  0.2718E+04 -0.4602E-02  0.4512E-02  0.1653E+03  0.000
    3.6489  4  1   35.7210   77.3955   30.5053    0.0000    3.4063    1.2033   48.8211    0.2151    6.2156    6.0174  0.3195E+01  0.2718E+04 -0.4592E-02  0.4503E-02  0.1661E+03  0.000
    3.6490  4  1   35.5424   77.5707   30.5057    0.0000    3.4060    1.2035   48.6515    0.2139    6.2156    6.0188  0.3021E+01  0.2719E+04 -0.4582E-02  0.4492E-02  0.1668E+03  0.000
    3.6490  4  1   35.3646   77.7449   30.5062    0.0000    3.4057    1.2038   48.4758    0.2127    6.2156    6.0203  0.2855E+01  0.2720E+04 -0.4571E-02  0.4482E-02  0.1676E+03  0.000
    3.6491  4  1   35.1878   77.9182   30.5066    0.0000    3.4054    1.2040   48.2934    0.2115    6.2156    6.0217  0.2694E+01  0.2721E+04 -0.4560E-02  0.4471E-02  0.1685E+03  0.000
    3.6491  4  1   35.0119   78.0907   30.5071    0.0000    3.4050    1.2043   48.1042    0.2103    6.2156    6.0231  0.2541E+01  0.2722E+04 -0.4549E-02  0.4459E-02  0.1693E+03  0.000
    3.6491  4  1   34.8368   78.2623   30.5075    0.0000    3.4045    1.2045   47.9078    0.2091    6.2157    6.0245  0.2393E+01  0.2722E+04 -0.4536E-02  0.4447E-02  0.1701E+03  0.000
    3.6492  4  1   34.6626   78.4330   30.5079    0.0000    3.4040    1.2048   47.7037    0.2079    6.2157    6.0259  0.2252E+01  0.2723E+04 -0.4524E-02  0.4434E-02  0.1709E+03  0.000
    3.6492  4  1   34.4893   78.6029   30.5084    0.0000    3.4034    1.2050   47.4915    0.2067    6.2157    6.0273  0.2116E+01  0.2724E+04 -0.4511E-02  0.4421E-02  0.1718E+03  0.000
    3.6493  4  1   34.3169   78.7719   30.5088    0.0000    3.4028    1.2053   47.2707    0.2055    6.2157    6.0286  0.1986E+01  0.2725E+04 -0.4497E-02  0.4407E-02  0.1726E+03  0.000
    3.6493  4  1   34.1453   78.9401   30.5092    0.0000    3.4020    1.2055   47.0405    0.2043    6.2157    6.0300  0.1861E+01  0.2725E+04 -0.4482E-02  0.4393E-02  0.1735E+03  0.000
    3.6493  4  1   33.9746   79.1074   30.5096    0.0000    3.4012    1.2058   46.8003    0.2031    6.2157    6.0314  0.1742E+01  0.2726E+04 -0.4467E-02  0.4378E-02  0.1744E+03  0.000
    3.6494  4  1   33.8047   79.2739   30.5101    0.0000    3.4003    1.2060   46.5492    0.2019    6.2157    6.0327  0.1628E+01  0.2727E+04 -0.4451E-02  0.4362E-02  0.1753E+03  0.000
    3.6494  4  1   33.6357   79.4396   30.5105    0.0000    3.3992    1.2062   46.2863    0.2007    6.2157    6.0340  0.1519E+01  0.2727E+04 -0.4434E-02  0.4346E-02  0.1762E+03  0.000
    3.6494  4  1   33.4675   79.6044   30.5109    0.0000    3.3980    1.2065   46.0102    0.1995    6.2157    6.0354  0.1414E+01  0.2728E+04 -0.4417E-02  0.4328E-02  0.1771E+03  0.000
    3.6495  4  1   33.3002   79.7683   30.5114    0.0000    3.3967    1.2067   45.7195    0.1983    6.2157    6.0367  0.1315E+01  0.2728E+04 -0.4398E-02  0.4310E-02  0.1780E+03  0.000
    3.6495  4  1   33.1337   79.9315   30.5118    0.0000    3.3953    1.2070   45.4124    0.1971    6.2157    6.0380  0.1220E+01  0.2729E+04 -0.4378E-02  0.4290E-02  0.1789E+03  0.000
    3.6496  4  1   32.9680   80.0938   30.5122    0.0000    3.3936    1.2072   45.0866    0.1960    6.2157    6.0393  0.1129E+01  0.2730E+04 -0.4358E-02  0.4269E-02  0.1798E+03  0.000
    3.6496  4  1   32.8031   80.2553   30.5126    0.0000    3.3917    1.2074   44.7391    0.1948    6.2157    6.0406  0.1043E+01  0.2730E+04 -0.4335E-02  0.4247E-02  0.1807E+03  0.000
    3.6496  4  1   32.6391   80.4160   30.5131    0.0000    3.3896    1.2077   44.3663    0.1936    6.2158    6.0419  0.9606E+00  0.2731E+04 -0.4311E-02  0.4223E-02  0.1817E+03  0.000
    3.6497  4  1   32.4759   80.5758   30.5135    0.0000    3.3871    1.2079   43.9627    0.1924    6.2158    6.0431  0.8823E+00  0.2731E+04 -0.4285E-02  0.4198E-02  0.1827E+03  0.000
    3.6497  4  1   32.3136   80.7349   30.5139    0.0000    3.3842    1.2082   43.5214    0.1913    6.2158    6.0444  0.8080E+00  0.2732E+04 -0.4257E-02  0.4169E-02  0.1836E+03  0.000
    3.6498  4  1   32.1520   80.8931   30.5144    0.0000    3.3808    1.2084   43.0317    0.1901    6.2158    6.0457  0.7374E+00  0.2732E+04 -0.4226E-02  0.4138E-02  0.1846E+03  0.000
    3.6498  4  1   31.9912   81.0505   30.5148    0.0000    3.3767    1.2086   42.4778    0.1889    6.2158    6.0469  0.6704E+00  0.2733E+04 -0.4191E-02  0.4104E-02  0.1856E+03  0.000
    3.6498  4  1   31.8313   81.2071   30.5152    0.0000    3.3716    1.2089   41.8338    0.1878    6.2158    6.0481  0.6071E+00  0.2733E+04 -0.4151E-02  0.4064E-02  0.1866E+03  0.000
    3.6499  4  1   31.6721   81.3629   30.5157    0.0000    3.3650    1.2091   41.0552    0.1866    6.2158    6.0494  0.5472E+00  0.2734E+04 -0.4104E-02  0.4017E-02  0.1876E+03  0.000
    3.6499  4  1   31.5138   81.5179   30.5161    0.0000    3.3559    1.2093   40.0582    0.1855    6.2158    6.0506  0.4907E+00  0.2734E+04 -0.4047E-02  0.3960E-02  0.1886E+03  0.000
    3.6499  4  1   31.3562   81.6721   30.5165    0.0000    3.3421    1.2096   38.6686    0.1843    6.2158    6.0518  0.4375E+00  0.2735E+04 -0.3972E-02  0.3886E-02  0.1896E+03  0.000
    3.6500  4  1   31.1994   81.8254   30.5170    0.0000    3.3184    1.2098   36.4762    0.1832    6.2157    6.0530  0.3894E+00  0.2735E+04 -0.3866E-02  0.3780E-02  0.1906E+03  0.000
    3.6500  4  1   31.0434   81.9777   30.5175    0.0000    3.2682    1.2100   32.3769    0.1821    6.2156    6.0542  0.3516E+00  0.2736E+04 -0.3695E-02  0.3609E-02  0.1917E+03  0.000
    3.6501  4  1   30.8882   82.1290   30.5180    0.0000    3.1247    1.2103   23.1826    0.1810    6.2152    6.0554  0.3760E+00  0.2736E+04 -0.3360E-02  0.3275E-02  0.1927E+03  0.000
    3.6501  4  1   30.7338   82.2783   30.5187    0.0000    2.4978    1.2105    5.4545    0.1799    6.2126    6.0565  0.3793E+00  0.2737E+04 -0.2537E-02  0.2452E-02  0.1937E+03  0.000
    3.6503  4  1   30.6634   82.3383   30.5201    0.0000    1.6301    1.2106    0.7394    0.1796    6.2054    6.0570  0.6698E+01  0.2742E+04 -0.5728E-03  0.4889E-03  0.1940E+03  0.000
    3.6503  4  1   30.6634   82.3383   30.5201    0.0000    1.6301    1.2106    0.7394    0.1796    6.2054    6.0570  0.6698E+01  0.2742E+04 -0.2066E-03  0.1227E-03  0.1940E+03  0.000
    3.6510  7  1   30.5201   82.4045    0.0000    0.0000    0.2678    1.2109    0.0322    0.1797    5.9736    6.0577  0.9302E-11  0.2736E+04 -0.2021E-03  0.9328E-04  0.1938E+03  0.000
    3.6543  7  1   30.2149   82.3945    0.0000    0.0000    0.2655    1.2113    0.0320    0.1790    5.9690    6.0580  0.3586E+01  0.2730E+04 -0.9125E-04 -0.2977E-05  0.1943E+03  0.000
    3.6577  7  1   29.9127   82.3845    0.0000    0.0000    0.2632    1.2116    0.0318    0.1783    5.9644    6.0582  0.7017E+01  0.2723E+04 -0.8983E-04 -0.2988E-05  0.1948E+03  0.000
    3.6611  7  1   29.6136   82.3743    0.0000    0.0000    0.2609    1.2120    0.0317    0.1777    5.9598    6.0584  0.1030E+02  0.2717E+04 -0.8842E-04 -0.3000E-05  0.1954E+03  0.000
    3.6645  7  1   29.3174   82.3641    0.0000    0.0000    0.2586    1.2123    0.0315    0.1770    5.9552    6.0586  0.1344E+02  0.2711E+04 -0.8703E-04 -0.3011E-05  0.1959E+03  0.000
    3.6679  7  1   29.0243   82.3537    0.0000    0.0000    0.2563    1.2127    0.0313    0.1763    5.9506    6.0588  0.1645E+02  0.2704E+04 -0.8565E-04 -0.3022E-05  0.1964E+03  0.000
    3.6713  7  1   28.7340   82.3433    0.0000    0.0000    0.2540    1.2130    0.0312    0.1757    5.9459    6.0590  0.1934E+02  0.2698E+04 -0.8429E-04 -0.3034E-05  0.1970E+03  0.000
    3.6748  7  1   28.4467   82.3327    0.0000    0.0000    0.2518    1.2134    0.0310    0.1750    5.9412    6.0593  0.2211E+02  0.2691E+04 -0.8294E-04 -0.3045E-05  0.1975E+03  0.000
    3.6783  7  1   28.1622   82.3221    0.0000    0.0000    0.2495    1.2137    0.0308    0.1744    5.9365    6.0595  0.2476E+02  0.2685E+04 -0.8161E-04 -0.3056E-05  0.1980E+03  0.000
    3.6818  7  1   27.8806   82.3113    0.0000    0.0000    0.2472    1.2141    0.0307    0.1737    5.9318    6.0597  0.2731E+02  0.2678E+04 -0.8030E-04 -0.3068E-05  0.1986E+03  0.000
    3.6853  7  1   27.6018   82.3005    0.0000    0.0000    0.2450    1.2145    0.0305    0.1731    5.9271    6.0599  0.2975E+02  0.2672E+04 -0.7900E-04 -0.3079E-05  0.1991E+03  0.000
    3.6889  7  1   27.3258   82.2895    0.0000    0.0000    0.2428    1.2148    0.0304    0.1725    5.9223    6.0602  0.3210E+02  0.2665E+04 -0.7772E-04 -0.3090E-05  0.1996E+03  0.000
    3.6924  7  1   27.0525   82.2784    0.0000    0.0000    0.2405    1.2152    0.0302    0.1719    5.9176    6.0604  0.3436E+02  0.2659E+04 -0.7645E-04 -0.3101E-05  0.2001E+03  0.000
    3.6960  7  1   26.7820   82.2672    0.0000    0.0000    0.2383    1.2156    0.0300    0.1712    5.9128    6.0606  0.3653E+02  0.2652E+04 -0.7520E-04 -0.3112E-05  0.2006E+03  0.000
    3.6997  7  1   26.5142   82.2559    0.0000    0.0000    0.2361    1.2159    0.0299    0.1706    5.9079    6.0609  0.3863E+02  0.2645E+04 -0.7396E-04 -0.3123E-05  0.2011E+03  0.000
    3.7033  7  1   26.2490   82.2445    0.0000    0.0000    0.2339    1.2163    0.0297    0.1701    5.9031    6.0611  0.4064E+02  0.2638E+04 -0.7274E-04 -0.3134E-05  0.2016E+03  0.000
    3.7070  7  1   25.9865   82.2329    0.0000    0.0000    0.2317    1.2167    0.0296    0.1695    5.8982    6.0613  0.4258E+02  0.2631E+04 -0.7154E-04 -0.3145E-05  0.2022E+03  0.000
    3.7107  7  1   25.7267   82.2213    0.0000    0.0000    0.2295    1.2171    0.0295    0.1689    5.8934    6.0616  0.4446E+02  0.2625E+04 -0.7035E-04 -0.3156E-05  0.2027E+03  0.000
    3.7144  7  1   25.4694   82.2095    0.0000    0.0000    0.2273    1.2175    0.0293    0.1683    5.8885    6.0618  0.4627E+02  0.2618E+04 -0.6917E-04 -0.3167E-05  0.2032E+03  0.000
    3.7181  7  1   25.2147   82.1976    0.0000    0.0000    0.2252    1.2179    0.0292    0.1677    5.8835    6.0620  0.4801E+02  0.2611E+04 -0.6801E-04 -0.3178E-05  0.2037E+03  0.000
    3.7219  7  1   24.9626   82.1856    0.0000    0.0000    0.2230    1.2183    0.0290    0.1672    5.8786    6.0623  0.4970E+02  0.2604E+04 -0.6686E-04 -0.3189E-05  0.2042E+03  0.000
    3.7257  7  1   24.7129   82.1734    0.0000    0.0000    0.2208    1.2187    0.0289    0.1666    5.8736    6.0625  0.5134E+02  0.2597E+04 -0.6573E-04 -0.3200E-05  0.2047E+03  0.000
    3.7295  7  1   24.4658   82.1611    0.0000    0.0000    0.2187    1.2191    0.0288    0.1661    5.8687    6.0628  0.5292E+02  0.2590E+04 -0.6462E-04 -0.3211E-05  0.2052E+03  0.000
    3.7334  7  1   24.2212   82.1487    0.0000    0.0000    0.2165    1.2195    0.0286    0.1655    5.8637    6.0630  0.5446E+02  0.2583E+04 -0.6352E-04 -0.3222E-05  0.2057E+03  0.000
    3.7373  7  1   23.9789   82.1362    0.0000    0.0000    0.2144    1.2199    0.0285    0.1650    5.8586    6.0633  0.5594E+02  0.2575E+04 -0.6243E-04 -0.3233E-05  0.2061E+03  0.000
    3.7412  7  1   23.7391   82.1235    0.0000    0.0000    0.2123    1.2203    0.0284    0.1645    5.8536    6.0635  0.5739E+02  0.2568E+04 -0.6135E-04 -0.3244E-05  0.2066E+03  0.000
    3.7451  7  1   23.5018   82.1107    0.0000    0.0000    0.2101    1.2207    0.0282    0.1640    5.8485    6.0638  0.5879E+02  0.2561E+04 -0.6030E-04 -0.3254E-05  0.2071E+03  0.000
    3.7491  7  1   23.2667   82.0977    0.0000    0.0000    0.2080    1.2212    0.0281    0.1635    5.8435    6.0640  0.6016E+02  0.2553E+04 -0.5925E-04 -0.3265E-05  0.2076E+03  0.000
    3.7531  7  1   23.0341   82.0846    0.0000    0.0000    0.2059    1.2216    0.0280    0.1629    5.8383    6.0643  0.6149E+02  0.2546E+04 -0.5822E-04 -0.3276E-05  0.2081E+03  0.000
    3.7571  7  1   22.8037   82.0714    0.0000    0.0000    0.2038    1.2220    0.0278    0.1624    5.8332    6.0645  0.6278E+02  0.2539E+04 -0.5720E-04 -0.3287E-05  0.2086E+03  0.000
    3.7611  7  1   22.5757   82.0580    0.0000    0.0000    0.2017    1.2225    0.0277    0.1619    5.8281    6.0648  0.6405E+02  0.2531E+04 -0.5620E-04 -0.3298E-05  0.2090E+03  0.000
    3.7652  7  1   22.3499   82.0445    0.0000    0.0000    0.1996    1.2229    0.0276    0.1615    5.8229    6.0650  0.6528E+02  0.2524E+04 -0.5521E-04 -0.3309E-05  0.2095E+03  0.000
    3.7694  7  1   22.1264   82.0308    0.0000    0.0000    0.1976    1.2233    0.0275    0.1610    5.8177    6.0653  0.6649E+02  0.2516E+04 -0.5424E-04 -0.3319E-05  0.2100E+03  0.000
    3.7735  7  1   21.9052   82.0170    0.0000    0.0000    0.1955    1.2238    0.0274    0.1605    5.8125    6.0656  0.6767E+02  0.2508E+04 -0.5327E-04 -0.3330E-05  0.2105E+03  0.000
    3.7777  7  1   21.6861   82.0030    0.0000    0.0000    0.1934    1.2243    0.0272    0.1600    5.8073    6.0658  0.6883E+02  0.2501E+04 -0.5232E-04 -0.3341E-05  0.2109E+03  0.000
    3.7819  7  1   21.4693   81.9889    0.0000    0.0000    0.1914    1.2247    0.0271    0.1596    5.8021    6.0661  0.6997E+02  0.2493E+04 -0.5139E-04 -0.3352E-05  0.2114E+03  0.000
    3.7862  7  1   21.2546   81.9745    0.0000    0.0000    0.1893    1.2252    0.0270    0.1591    5.7968    6.0664  0.7109E+02  0.2485E+04 -0.5047E-04 -0.3363E-05  0.2119E+03  0.000
    3.7905  7  1   21.0420   81.9601    0.0000    0.0000    0.1872    1.2256    0.0269    0.1587    5.7915    6.0666  0.7218E+02  0.2477E+04 -0.4956E-04 -0.3374E-05  0.2123E+03  0.000
    3.7948  7  1   20.8316   81.9454    0.0000    0.0000    0.1852    1.2261    0.0268    0.1582    5.7862    6.0669  0.7327E+02  0.2469E+04 -0.4866E-04 -0.3385E-05  0.2128E+03  0.000
    3.7991  7  1   20.6233   81.9306    0.0000    0.0000    0.1831    1.2266    0.0267    0.1578    5.7809    6.0672  0.7433E+02  0.2461E+04 -0.4778E-04 -0.3396E-05  0.2133E+03  0.000
    3.8035  7  1   20.4171   81.9157    0.0000    0.0000    0.1811    1.2271    0.0266    0.1573    5.7755    6.0675  0.7539E+02  0.2453E+04 -0.4691E-04 -0.3407E-05  0.2137E+03  0.000
    3.8080  7  1   20.2129   81.9005    0.0000    0.0000    0.1791    1.2276    0.0264    0.1569    5.7702    6.0678  0.7643E+02  0.2445E+04 -0.4605E-04 -0.3418E-05  0.2142E+03  0.000
    3.8124  7  1   20.0108   81.8852    0.0000    0.0000    0.1770    1.2281    0.0263    0.1565    5.7648    6.0680  0.7746E+02  0.2437E+04 -0.4520E-04 -0.3429E-05  0.2146E+03  0.000
    3.8170  7  1   19.8106   81.8697    0.0000    0.0000    0.1750    1.2286    0.0262    0.1561    5.7594    6.0683  0.7848E+02  0.2429E+04 -0.4437E-04 -0.3440E-05  0.2151E+03  0.000
    3.8215  7  1   19.6125   81.8540    0.0000    0.0000    0.1730    1.2291    0.0261    0.1557    5.7539    6.0686  0.7949E+02  0.2420E+04 -0.4355E-04 -0.3451E-05  0.2155E+03  0.000
    3.8261  7  1   19.4164   81.8381    0.0000    0.0000    0.1709    1.2296    0.0260    0.1553    5.7485    6.0689  0.8050E+02  0.2412E+04 -0.4274E-04 -0.3462E-05  0.2160E+03  0.000
    3.8307  7  1   19.2223   81.8220    0.0000    0.0000    0.1689    1.2301    0.0259    0.1549    5.7430    6.0692  0.8150E+02  0.2403E+04 -0.4194E-04 -0.3473E-05  0.2164E+03  0.000
    3.8354  7  1   19.0300   81.8057    0.0000    0.0000    0.1668    1.2306    0.0258    0.1545    5.7375    6.0695  0.8250E+02  0.2395E+04 -0.4116E-04 -0.3484E-05  0.2169E+03  0.000
    3.8401  7  1   18.8397   81.7893    0.0000    0.0000    0.1648    1.2312    0.0257    0.1541    5.7320    6.0698  0.8350E+02  0.2386E+04 -0.4038E-04 -0.3495E-05  0.2173E+03  0.000
    3.8449  7  1   18.6513   81.7726    0.0000    0.0000    0.1627    1.2317    0.0256    0.1537    5.7265    6.0701  0.8450E+02  0.2377E+04 -0.3962E-04 -0.3507E-05  0.2178E+03  0.000
    3.8497  7  1   18.4648   81.7557    0.0000    0.0000    0.1607    1.2322    0.0255    0.1533    5.7209    6.0704  0.8551E+02  0.2369E+04 -0.3887E-04 -0.3518E-05  0.2182E+03  0.000
    3.8545  7  1   18.2802   81.7386    0.0000    0.0000    0.1586    1.2328    0.0254    0.1530    5.7153    6.0707  0.8651E+02  0.2360E+04 -0.3813E-04 -0.3529E-05  0.2186E+03  0.000
    3.8594  7  1   18.0974   81.7213    0.0000    0.0000    0.1566    1.2333    0.0253    0.1526    5.7097    6.0710  0.8752E+02  0.2351E+04 -0.3740E-04 -0.3541E-05  0.2191E+03  0.000
    3.8643  7  1   17.9164   81.7038    0.0000    0.0000    0.1545    1.2339    0.0252    0.1522    5.7041    6.0713  0.8854E+02  0.2342E+04 -0.3669E-04 -0.3552E-05  0.2195E+03  0.000
    3.8693  7  1   17.7372   81.6860    0.0000    0.0000    0.1524    1.2345    0.0251    0.1519    5.6985    6.0716  0.8957E+02  0.2333E+04 -0.3598E-04 -0.3564E-05  0.2199E+03  0.000
    3.8743  7  1   17.5599   81.6681    0.0000    0.0000    0.1503    1.2350    0.0250    0.1515    5.6928    6.0720  0.9061E+02  0.2324E+04 -0.3529E-04 -0.3576E-05  0.2204E+03  0.000
    3.8794  7  1   17.3843   81.6499    0.0000    0.0000    0.1481    1.2356    0.0249    0.1512    5.6871    6.0723  0.9166E+02  0.2314E+04 -0.3460E-04 -0.3587E-05  0.2208E+03  0.000
    3.8845  7  1   17.2104   81.6314    0.0000    0.0000    0.1460    1.2362    0.0248    0.1509    5.6814    6.0726  0.9272E+02  0.2305E+04 -0.3393E-04 -0.3599E-05  0.2212E+03  0.000
    3.8897  7  1   17.0383   81.6127    0.0000    0.0000    0.1438    1.2368    0.0247    0.1505    5.6757    6.0729  0.9381E+02  0.2296E+04 -0.3327E-04 -0.3611E-05  0.2216E+03  0.000
    3.8949  7  1   16.8679   81.5938    0.0000    0.0000    0.1416    1.2374    0.0246    0.1502    5.6700    6.0733  0.9491E+02  0.2286E+04 -0.3262E-04 -0.3623E-05  0.2221E+03  0.000
    3.9002  7  1   16.6993   81.5746    0.0000    0.0000    0.1394    1.2380    0.0245    0.1499    5.6642    6.0736  0.9604E+02  0.2277E+04 -0.3198E-04 -0.3635E-05  0.2225E+03  0.000
    3.9055  7  1   16.5323   81.5552    0.0000    0.0000    0.1372    1.2386    0.0243    0.1496    5.6584    6.0739  0.9719E+02  0.2267E+04 -0.3135E-04 -0.3647E-05  0.2229E+03  0.000
    3.9109  7  1   16.3669   81.5355    0.0000    0.0000    0.1349    1.2393    0.0242    0.1493    5.6526    6.0743  0.9837E+02  0.2257E+04 -0.3073E-04 -0.3660E-05  0.2233E+03  0.000
    3.9163  7  1   16.2033   81.5156    0.0000    0.0000    0.1325    1.2399    0.0241    0.1490    5.6467    6.0746  0.9958E+02  0.2247E+04 -0.3011E-04 -0.3672E-05  0.2237E+03  0.000
    3.9218  7  1   16.0412   81.4953    0.0000    0.0000    0.1302    1.2405    0.0240    0.1487    5.6409    6.0750  0.1008E+03  0.2237E+04 -0.2951E-04 -0.3684E-05  0.2242E+03  0.000
    3.9274  7  1   15.8808   81.4748    0.0000    0.0000    0.1278    1.2412    0.0239    0.1484    5.6350    6.0753  0.1021E+03  0.2227E+04 -0.2892E-04 -0.3697E-05  0.2246E+03  0.000
    3.9330  7  1   15.7220   81.4540    0.0000    0.0000    0.1253    1.2419    0.0238    0.1481    5.6291    6.0757  0.1034E+03  0.2217E+04 -0.2834E-04 -0.3710E-05  0.2250E+03  0.000
    3.9386  7  1   15.5648   81.4330    0.0000    0.0000    0.1228    1.2425    0.0237    0.1478    5.6232    6.0760  0.1048E+03  0.2207E+04 -0.2777E-04 -0.3723E-05  0.2254E+03  0.000
    3.9444  7  1   15.4091   81.4116    0.0000    0.0000    0.1202    1.2432    0.0236    0.1475    5.6172    6.0764  0.1062E+03  0.2197E+04 -0.2721E-04 -0.3736E-05  0.2258E+03  0.000
    3.9501  7  1   15.2551   81.3899    0.0000    0.0000    0.1175    1.2439    0.0234    0.1473    5.6113    6.0767  0.1077E+03  0.2186E+04 -0.2665E-04 -0.3749E-05  0.2262E+03  0.000
    3.9560  7  1   15.1025   81.3679    0.0000    0.0000    0.1148    1.2446    0.0233    0.1470    5.6053    6.0771  0.1093E+03  0.2176E+04 -0.2611E-04 -0.3762E-05  0.2266E+03  0.000
    3.9619  7  1   14.9515   81.3456    0.0000    0.0000    0.1119    1.2453    0.0232    0.1468    5.5993    6.0775  0.1109E+03  0.2165E+04 -0.2558E-04 -0.3776E-05  0.2270E+03  0.000
    3.9679  7  1   14.8020   81.3230    0.0000    0.0000    0.1090    1.2460    0.0230    0.1465    5.5932    6.0779  0.1126E+03  0.2154E+04 -0.2505E-04 -0.3789E-05  0.2274E+03  0.000
    3.9739  7  1   14.6539   81.3001    0.0000    0.0000    0.1060    1.2468    0.0229    0.1463    5.5872    6.0782  0.1144E+03  0.2143E+04 -0.2453E-04 -0.3803E-05  0.2278E+03  0.000
    3.9800  7  1   14.5074   81.2768    0.0000    0.0000    0.1029    1.2475    0.0228    0.1460    5.5811    6.0786  0.1162E+03  0.2132E+04 -0.2403E-04 -0.3817E-05  0.2282E+03  0.000
    3.9862  7  1   14.3623   81.2532    0.0000    0.0000    0.0996    1.2482    0.0226    0.1458    5.5750    6.0790  0.1182E+03  0.2121E+04 -0.2353E-04 -0.3831E-05  0.2286E+03  0.000
    3.9924  7  1   14.2187   81.2292    0.0000    0.0000    0.0962    1.2490    0.0225    0.1456    5.5689    6.0794  0.1203E+03  0.2110E+04 -0.2304E-04 -0.3846E-05  0.2290E+03  0.000
    3.9987  7  1   14.0765   81.2049    0.0000    0.0000    0.0927    1.2498    0.0223    0.1454    5.5627    6.0798  0.1225E+03  0.2099E+04 -0.2255E-04 -0.3860E-05  0.2294E+03  0.000
    4.0051  7  1   13.9358   81.1802    0.0000    0.0000    0.0890    1.2506    0.0221    0.1451    5.5566    6.0802  0.1249E+03  0.2087E+04 -0.2208E-04 -0.3875E-05  0.2298E+03  0.000
    4.0115  7  1   13.7964   81.1551    0.0000    0.0000    0.0852    1.2514    0.0220    0.1449    5.5504    6.0806  0.1274E+03  0.2076E+04 -0.2162E-04 -0.3890E-05  0.2302E+03  0.000
    4.0180  7  1   13.6584   81.1296    0.0000    0.0000    0.0811    1.2522    0.0218    0.1447    5.5442    6.0810  0.1300E+03  0.2064E+04 -0.2116E-04 -0.3905E-05  0.2306E+03  0.000
    4.0246  7  1   13.5218   81.1038    0.0000    0.0000    0.0769    1.2530    0.0216    0.1445    5.5379    6.0814  0.1329E+03  0.2052E+04 -0.2071E-04 -0.3921E-05  0.2310E+03  0.000
    4.0313  7  1   13.3866   81.0775    0.0000    0.0000    0.0724    1.2538    0.0214    0.1444    5.5317    6.0819  0.1360E+03  0.2040E+04 -0.2027E-04 -0.3936E-05  0.2314E+03  0.000
    4.0381  7  1   13.2528   81.0508    0.0000    0.0000    0.0677    1.2547    0.0212    0.1442    5.5254    6.0823  0.1393E+03  0.2028E+04 -0.1983E-04 -0.3952E-05  0.2318E+03  0.000
    4.0449  7  1   13.1202   81.0237    0.0000    0.0000    0.0628    1.2555    0.0210    0.1440    5.5191    6.0827  0.1429E+03  0.2016E+04 -0.1941E-04 -0.3968E-05  0.2322E+03  0.000
    4.0518  7  1   12.9890   80.9962    0.0000    0.0000    0.0575    1.2564    0.0207    0.1438    5.5128    6.0831  0.1468E+03  0.2004E+04 -0.1899E-04 -0.3985E-05  0.2326E+03  0.000
    4.0588  7  1   12.8591   80.9682    0.0000    0.0000    0.0519    1.2573    0.0205    0.1437    5.5064    6.0836  0.1510E+03  0.1991E+04 -0.1858E-04 -0.4002E-05  0.2329E+03  0.000
    4.0659  7  1   12.7306   80.9398    0.0000    0.0000    0.0460    1.2582    0.0202    0.1435    5.5001    6.0840  0.1556E+03  0.1979E+04 -0.1818E-04 -0.4019E-05  0.2333E+03  0.000
    4.0730  7  1   12.6032   80.9109    0.0000    0.0000    0.0397    1.2591    0.0200    0.1433    5.4937    6.0845  0.1607E+03  0.1966E+04 -0.1778E-04 -0.4036E-05  0.2337E+03  0.000
    4.0803  7  1   12.4772   80.8815    0.0000    0.0000    0.0330    1.2600    0.0197    0.1432    5.4873    6.0849  0.1662E+03  0.1953E+04 -0.1739E-04 -0.4054E-05  0.2341E+03  0.000
    4.0841  7  1   12.4113   80.8657    0.0000    0.0000    0.0292    1.2605    0.0195    0.1431    5.4839    6.0852  0.1694E+03  0.1946E+04 -0.1701E-04 -0.4072E-05  0.2343E+03  0.000
    4.0842  7  1   12.4111   80.8657    0.0000    0.0000    0.0292    1.2605    0.0195    0.1431    5.4839    6.0852  0.1694E+03  0.1946E+04 -0.1681E-04 -0.4081E-05  0.2343E+03  0.000
    4.0842  8  1   12.4110   80.8657    8.7936    0.0000    0.0292    1.2605    0.0195    0.1431    5.4839    6.0852  0.8590E+03  0.1946E+04 -0.1681E-04 -0.4081E-05  0.2343E+03  0.000
    4.0851  8  1   12.3959   80.8620    8.8157    0.0000    0.0304    1.2606    0.0196    0.1431    5.4893    6.0852  0.8415E+03  0.1945E+04 -0.1681E-04 -0.4081E-05  0.2344E+03  0.000
    4.0860  8  1   12.3806   80.8584    8.8379    0.0000    0.0315    1.2608    0.0196    0.1431    5.4948    6.0853  0.8239E+03  0.1943E+04 -0.1713E-04 -0.4079E-05  0.2344E+03  0.000
    4.0868  8  1   12.3652   80.8548    8.8602    0.0000    0.0326    1.2609    0.0197    0.1431    5.5002    6.0853  0.8061E+03  0.1942E+04 -0.1746E-04 -0.4077E-05  0.2345E+03  0.000
    4.0877  8  1   12.3496   80.8512    8.8824    0.0000    0.0338    1.2610    0.0197    0.1431    5.5057    6.0854  0.7883E+03  0.1940E+04 -0.1779E-04 -0.4074E-05  0.2345E+03  0.000
    4.0886  8  1   12.3339   80.8477    8.9048    0.0000    0.0350    1.2611    0.0198    0.1430    5.5111    6.0854  0.7704E+03  0.1939E+04 -0.1813E-04 -0.4072E-05  0.2345E+03  0.000
    4.0894  8  1   12.3180   80.8442    8.9272    0.0000    0.0361    1.2612    0.0199    0.1430    5.5166    6.0855  0.7525E+03  0.1937E+04 -0.1848E-04 -0.4069E-05  0.2346E+03  0.000
    4.0903  8  1   12.3020   80.8407    8.9497    0.0000    0.0373    1.2613    0.0199    0.1430    5.5221    6.0855  0.7344E+03  0.1936E+04 -0.1883E-04 -0.4066E-05  0.2346E+03  0.000
    4.0911  8  1   12.2859   80.8373    8.9722    0.0000    0.0385    1.2614    0.0200    0.1430    5.5275    6.0856  0.7164E+03  0.1934E+04 -0.1919E-04 -0.4063E-05  0.2347E+03  0.000
    4.0920  8  1   12.2696   80.8339    8.9947    0.0000    0.0398    1.2615    0.0200    0.1430    5.5330    6.0856  0.6983E+03  0.1933E+04 -0.1955E-04 -0.4060E-05  0.2347E+03  0.000
    4.0928  8  1   12.2532   80.8306    9.0174    0.0000    0.0410    1.2616    0.0201    0.1429    5.5384    6.0857  0.6801E+03  0.1931E+04 -0.1992E-04 -0.4057E-05  0.2348E+03  0.000
    4.0936  8  1   12.2367   80.8273    9.0401    0.0000    0.0422    1.2617    0.0202    0.1429    5.5439    6.0858  0.6619E+03  0.1930E+04 -0.2030E-04 -0.4053E-05  0.2348E+03  0.000
    4.0944  8  1   12.2200   80.8240    9.0628    0.0000    0.0435    1.2619    0.0202    0.1429    5.5493    6.0858  0.6438E+03  0.1928E+04 -0.2069E-04 -0.4050E-05  0.2349E+03  0.000
    4.0952  8  1   12.2031   80.8208    9.0856    0.0000    0.0448    1.2620    0.0203    0.1429    5.5548    6.0859  0.6256E+03  0.1927E+04 -0.2108E-04 -0.4046E-05  0.2349E+03  0.000
    4.0960  8  1   12.1861   80.8176    9.1085    0.0000    0.0461    1.2621    0.0203    0.1428    5.5602    6.0859  0.6074E+03  0.1925E+04 -0.2148E-04 -0.4042E-05  0.2350E+03  0.000
    4.0968  8  1   12.1690   80.8144    9.1314    0.0000    0.0474    1.2622    0.0204    0.1428    5.5657    6.0860  0.5893E+03  0.1924E+04 -0.2189E-04 -0.4038E-05  0.2350E+03  0.000
    4.0976  8  1   12.1516   80.8113    9.1543    0.0000    0.0488    1.2623    0.0205    0.1428    5.5712    6.0860  0.5712E+03  0.1923E+04 -0.2231E-04 -0.4033E-05  0.2351E+03  0.000
    4.0983  8  1   12.1342   80.8082    9.1774    0.0000    0.0502    1.2624    0.0205    0.1428    5.5766    6.0861  0.5532E+03  0.1921E+04 -0.2273E-04 -0.4029E-05  0.2351E+03  0.000
    4.0991  8  1   12.1166   80.8051    9.2005    0.0000    0.0516    1.2625    0.0206    0.1427    5.5821    6.0861  0.5352E+03  0.1920E+04 -0.2317E-04 -0.4024E-05  0.2352E+03  0.000
    4.0998  8  1   12.0988   80.8021    9.2236    0.0000    0.0530    1.2626    0.0207    0.1427    5.5875    6.0861  0.5174E+03  0.1919E+04 -0.2361E-04 -0.4019E-05  0.2352E+03  0.000
    4.1005 14  1   12.0832   80.7995   12.0832    0.0000   -4.2905    1.2626    0.0000    0.1427  -10.0000    6.0862  0.2000E+09  0.1917E+04 -0.2406E-04 -0.4014E-05  0.2352E+03  0.000
    4.2005 14  1   12.0837   80.3738   12.0837    0.0000   -4.2904    1.2760    0.0000    0.1467  -10.0000    6.0924  0.2835E+11  0.1743E+04  0.4376E-08 -0.4257E-05  0.2362E+03  0.000
    4.3816 14  1   12.0846   79.5701   12.0846    0.0000   -4.2904    1.3026    0.0000    0.1548  -10.0000    6.1037  0.8248E+11  0.1436E+04  0.4808E-08 -0.4439E-05  0.2383E+03  0.000
    4.5470 14  1   12.0855   78.7744   12.0855    0.0000   -4.2904    1.3299    0.0000    0.1637  -10.0000    6.1138  0.1378E+12  0.1169E+04  0.5775E-08 -0.4809E-05  0.2403E+03  0.000
    4.6985 14  1   12.0866   77.9866   12.0866    0.0000   -4.2903    1.3580    0.0000    0.1735  -10.0000    6.1229  0.1876E+12  0.9381E+03  0.6937E-08 -0.5201E-05  0.2424E+03  0.000
    4.8374 14  1   12.0877   77.2068   12.0877    0.0000   -4.2903    1.3873    0.0000    0.1843  -10.0000    6.1309  0.1876E+12  0.7419E+03  0.8339E-08 -0.5616E-05  0.2445E+03  0.000
    4.9648 14  1   12.0890   76.4347   12.0890    0.0000   -4.2902    1.4178    0.0000    0.1963  -10.0000    6.1378  0.1876E+12  0.5774E+03  0.1004E-07 -0.6058E-05  0.2466E+03  0.000
    5.0818 14  1   12.0904   75.6703   12.0904    0.0000   -4.2902    1.4498    0.0000    0.2098  -10.0000    6.1437  0.1875E+12  0.4416E+03  0.1212E-07 -0.6531E-05  0.2487E+03  0.000
    5.1894 14  1   12.0920   74.9137   12.0920    0.0000   -4.2901    1.4833    0.0000    0.2251  -10.0000    6.1487  0.1875E+12  0.3314E+03  0.1469E-07 -0.7039E-05  0.2508E+03  0.000
    5.2881 14  1   12.0938   74.1645   12.0938    0.0000   -4.2901    1.5183    0.0000    0.2424  -10.0000    6.1527  0.1875E+12  0.2437E+03  0.1786E-07 -0.7586E-05  0.2529E+03  0.000
    5.3788 14  1   12.0957   73.4229   12.0957    0.0000   -4.2900    1.5548    0.0000    0.2618  -10.0000    6.1558  0.1874E+12  0.1756E+03  0.2180E-07 -0.8179E-05  0.2550E+03  0.000
    5.4620 14  1   12.0980   72.6886   12.0980    0.0000   -4.2899    1.5926    0.0000    0.2837  -10.0000    6.1580  0.1874E+12  0.1238E+03  0.2669E-07 -0.8819E-05  0.2572E+03  0.000
    5.5385 14  1   12.1005   71.9618   12.1005    0.0000   -4.2898    1.6316    0.0000    0.3083  -10.0000    6.1595  0.1874E+12  0.8551E+02  0.3274E-07 -0.9509E-05  0.2593E+03  0.000
    5.6087 14  1   12.1033   71.2421   12.1033    0.0000   -4.2897    1.6714    0.0000    0.3357  -10.0000    6.1602  0.1873E+12  0.5783E+02  0.4022E-07 -0.1025E-04  0.2614E+03  0.000
    5.6732 14  1   12.1065   70.5297   12.1065    0.0000   -4.2896    1.7117    0.0000    0.3660  -10.0000    6.1602  0.1872E+12  0.3843E+02  0.4937E-07 -0.1105E-04  0.2636E+03  0.000
    5.7325 14  1   12.1101   69.8244   12.1101    0.0000   -4.2895    1.7524    0.0000    0.3993  -10.0000    6.1595  0.1872E+12  0.2533E+02  0.6051E-07 -0.1189E-04  0.2657E+03  0.000
    5.7871 14  1   12.1141   69.1262   12.1141    0.0000   -4.2893    1.7930    0.0000    0.4359  -10.0000    6.1583  0.1871E+12  0.1700E+02  0.7393E-07 -0.1278E-04  0.2677E+03  0.000
    5.8375 14  1   12.1186   68.4349   12.1186    0.0000   -4.2892    1.7614    0.0000    0.4032  -10.0000    6.1708  0.1870E+12  0.1635E+02  0.8998E-07 -0.1372E-04  0.2696E+03  0.000
    5.8466 14  1   12.1194   68.3135   12.1194    0.0000   -4.2892    1.6807    0.0000    0.3345  -10.0000    6.1807  0.1871E+12  0.2135E+02  0.8115E-07 -0.1338E-04  0.2699E+03  0.000
    5.8466 14  1   12.1194   68.3134   12.1194    0.0000   -4.2892    1.6807    0.0000    0.3344  -10.0000    6.1807  0.1871E+12  0.2136E+02  0.5668E-07 -0.1184E-04  0.2699E+03  0.000
    5.8466 14  2   12.1194   68.3134   12.1194   28.8441   -4.2892    1.6651    0.0000    0.3227  -10.0000    6.1807  0.1871E+12  0.3880E+02  0.5666E-07 -0.1184E-04  0.2699E+03  0.000
    5.8468 14  2   12.1194   68.3038   12.1194   28.8729   -4.2892    1.7477    0.0000    0.3902  -10.0000    6.1814  0.1871E+12  0.2853E+02  0.2613E-06 -0.5724E-04  0.2700E+03  0.000
    5.8469 14  2   12.1195   68.2943   12.1195   28.9018   -4.2892    1.8303    0.0000    0.4719  -10.0000    6.1821  0.1871E+12  0.2073E+02  0.3357E-06 -0.5749E-04  0.2700E+03  0.000
    5.8471 14  2   12.1195   68.2846   12.1195   28.9306   -4.2891    1.9128    0.0000    0.5707  -10.0000    6.1827  0.1871E+12  0.1491E+02  0.4255E-06 -0.5773E-04  0.2700E+03  0.000
    5.8473 14  2   12.1196   68.2749   12.1196   28.9595   -4.2891    1.9954    0.0000    0.6901  -10.0000    6.1834  0.1871E+12  0.1064E+02  0.5334E-06 -0.5812E-04  0.2700E+03  0.000
    5.8474 14  2   12.1229   67.9827   12.1229   28.9883   -4.2890    2.0781    0.0000    0.8329  -10.0000    6.1841  0.1870E+12  0.5945E+01  0.1974E-04 -0.1749E-02  0.2709E+03  0.000
    5.8475 14  2   12.1323   67.3028   12.1323   28.9952   -4.2887    2.0980    0.0000    0.8674  -10.0000    6.1842  0.1866E+12  0.2539E+01  0.2356E-03 -0.1711E-01  0.2727E+03  0.000
    5.8475 14  2   12.1421   66.6298   12.1421   28.9997   -4.2883    2.1112    0.0000    0.8897  -10.0000    6.1843  0.1865E+12  0.1094E+01  0.3746E-03 -0.2567E-01  0.2746E+03  0.000
    5.8475 14  2   12.1522   65.9635   12.1522   29.0032   -4.2880    2.1214    0.0000    0.9064  -10.0000    6.1844  0.1863E+12  0.4708E+00  0.5028E-03 -0.3302E-01  0.2764E+03  0.000
    5.8476 14  2   12.1627   65.3039   12.1627   29.0060   -4.2876    2.1299    0.0000    0.9197  -10.0000    6.1845  0.1862E+12  0.2026E+00  0.6281E-03 -0.3978E-01  0.2783E+03  0.000
    5.8476 14  2   12.1733   64.6508   12.1733   29.0085   -4.2872    2.1371    0.0000    0.9308  -10.0000    6.1846  0.1860E+12  0.8795E-01  0.7530E-03 -0.4617E-01  0.2801E+03  0.000
    5.8476 14  2   12.1842   64.0043   12.1842   29.0106   -4.2868    2.1435    0.0000    0.9401  -10.0000    6.1846  0.1858E+12  0.3938E-01  0.8785E-03 -0.5229E-01  0.2820E+03  0.000
    5.8476 14  2   12.1952   63.3643   12.1952   29.0125   -4.2864    2.1493    0.0000    0.9481  -10.0000    6.1846  0.1856E+12  0.1894E-01  0.1005E-02 -0.5819E-01  0.2838E+03  0.000
    5.8476 14  2   12.2065   62.7306   12.2065   29.0142   -4.2860    2.1544    0.0000    0.9550  -10.0000    6.1847  0.1855E+12  0.1039E-01  0.1134E-02 -0.6392E-01  0.2857E+03  0.000
    5.8476 14  2   12.2179   62.1033   12.2179   29.0158   -4.2856    2.1592    0.0000    0.9611  -10.0000    6.1847  0.1852E+12  0.6785E-02  0.1264E-02 -0.6950E-01  0.2875E+03  0.000
    5.8476 14  2   12.2295   61.4823   12.2295   29.0172   -4.2852    2.1636    0.0000    0.9664  -10.0000    6.1848  0.1848E+12  0.5233E-02  0.1397E-02 -0.7495E-01  0.2893E+03  0.000
    5.8476 14  2   12.2412   60.8675   12.2412   29.0185   -4.2848    2.1676    0.0000    0.9711  -10.0000    6.1848  0.1844E+12  0.4519E-02  0.1532E-02 -0.8028E-01  0.2912E+03  0.000
    5.8476 14  2   12.2531   60.2588   12.2531   29.0198   -4.2844    2.1714    0.0000    0.9753  -10.0000    6.1848  0.1840E+12  0.4148E-02  0.1670E-02 -0.8551E-01  0.2930E+03  0.000
    5.8476 14  2   12.2651   59.6562   12.2651   29.0209   -4.2840    2.1750    0.0000    0.9790  -10.0000    6.1848  0.1835E+12  0.3919E-02  0.1810E-02 -0.9064E-01  0.2948E+03  0.000
    5.8476 14  2   12.2773   59.0597   12.2773   29.0220   -4.2835    2.1784    0.0000    0.9823  -10.0000    6.1849  0.1831E+12  0.3750E-02  0.1953E-02 -0.9567E-01  0.2967E+03  0.000
    5.8477 14  2   12.2896   58.4691   12.2896   29.0230   -4.2831    2.1815    0.0000    0.9852  -10.0000    6.1849  0.1826E+12  0.3610E-02  0.2098E-02 -0.1006E+00  0.2985E+03  0.000
    5.8477 14  2   12.3021   57.8844   12.3021   29.0240   -4.2827    2.1845    0.0000    0.9878  -10.0000    6.1849  0.1822E+12  0.3486E-02  0.2247E-02 -0.1055E+00  0.3003E+03  0.000
    5.8477 14  2   12.3146   57.3055   12.3146   29.0249   -4.2822    2.1874    0.0000    0.9901  -10.0000    6.1849  0.1817E+12  0.3371E-02  0.2398E-02 -0.1103E+00  0.3022E+03  0.000
    5.8477 14  2   12.3274   56.7325   12.3274   29.0257   -4.2818    2.1901    0.0000    0.9922  -10.0000    6.1850  0.1813E+12  0.3264E-02  0.2553E-02 -0.1150E+00  0.3040E+03  0.000
    5.8477 14  2   12.3402   56.1651   12.3402   29.0266   -4.2813    2.1927    0.0000    0.9940  -10.0000    6.1850  0.1808E+12  0.3163E-02  0.2710E-02 -0.1197E+00  0.3058E+03  0.000
    5.8477 14  2   12.3532   55.6035   12.3532   29.0273   -4.2809    2.1952    0.0000    0.9956  -10.0000    6.1850  0.1803E+12  0.3068E-02  0.2871E-02 -0.1242E+00  0.3077E+03  0.000
    5.8477 14  2   12.3663   55.0475   12.3663   29.0281   -4.2804    2.1975    0.0000    0.9970  -10.0000    6.1850  0.1798E+12  0.2977E-02  0.3035E-02 -0.1287E+00  0.3095E+03  0.000
    5.8477 14  2   12.3795   54.4970   12.3795   29.0288   -4.2799    2.1998    0.0000    0.9983  -10.0000    6.1850  0.1794E+12  0.2891E-02  0.3201E-02 -0.1332E+00  0.3113E+03  0.000
    5.8477 14  2   12.3929   53.9520   12.3929   29.0295   -4.2795    2.2020    0.0000    0.9993  -10.0000    6.1850  0.1789E+12  0.2809E-02  0.3371E-02 -0.1375E+00  0.3132E+03  0.000
    5.8477 14  2   12.4064   53.4125   12.4064   29.0301   -4.2790    2.2041    0.0000    1.0002  -10.0000    6.1851  0.1784E+12  0.2732E-02  0.0000E+00  0.0000E+00  0.3150E+03  0.000
    5.8477 14  7   12.4064   29.0301   12.4064    0.0000   -4.2790    0.2539    0.0000    0.2191  -10.0000    5.9366  0.1784E+12  0.2732E-02  0.1348E+05 -0.2492E+08  0.1803E+02  0.000
    5.8477 14  7   12.4064   29.0301   12.4064    0.0000   -4.2790    0.2539    0.0000    0.2191  -10.0000    5.9366  0.1784E+12  0.2732E-02  0.3544E-02 -0.1418E+00  0.1803E+02  0.000
    5.8513 14  7   12.4096   28.7398   12.4096    0.0000   -4.2789    0.2516    0.0000    0.2170  -10.0000    5.9321  0.1782E+12  0.1358E+00  0.8875E-06 -0.8033E-04  0.1815E+02  0.000
    5.8549 14  7   12.4128   28.4524   12.4128    0.0000   -4.2788    0.2493    0.0000    0.2149  -10.0000    5.9276  0.1781E+12  0.2486E+00  0.8754E-06 -0.7909E-04  0.1827E+02  0.000
    5.8586 14  7   12.4159   28.1679   12.4159    0.0000   -4.2787    0.2470    0.0000    0.2129  -10.0000    5.9230  0.1780E+12  0.3436E+00  0.8634E-06 -0.7786E-04  0.1839E+02  0.000
    5.8623 14  7   12.4190   27.8862   12.4190    0.0000   -4.2785    0.2448    0.0000    0.2108  -10.0000    5.9184  0.1778E+12  0.4230E+00  0.8515E-06 -0.7665E-04  0.1851E+02  0.000
    5.8660 14  7   12.4221   27.6074   12.4221    0.0000   -4.2784    0.2425    0.0000    0.2088  -10.0000    5.9138  0.1777E+12  0.4889E+00  0.8397E-06 -0.7545E-04  0.1862E+02  0.000
    5.8697 14  7   12.4252   27.3313   12.4252    0.0000   -4.2783    0.2403    0.0000    0.2069  -10.0000    5.9092  0.1776E+12  0.5427E+00  0.8280E-06 -0.7426E-04  0.1874E+02  0.000
    5.8734 14  7   12.4283   27.0580   12.4283    0.0000   -4.2782    0.2380    0.0000    0.2049  -10.0000    5.9046  0.1774E+12  0.5863E+00  0.8165E-06 -0.7309E-04  0.1886E+02  0.000
    5.8772 14  7   12.4313   26.7874   12.4313    0.0000   -4.2781    0.2358    0.0000    0.2030  -10.0000    5.8999  0.1773E+12  0.6207E+00  0.8050E-06 -0.7193E-04  0.1898E+02  0.000
    5.8810 14  7   12.4343   26.5195   12.4343    0.0000   -4.2780    0.2336    0.0000    0.2011  -10.0000    5.8953  0.1772E+12  0.6473E+00  0.7937E-06 -0.7078E-04  0.1910E+02  0.000
    5.8848 14  7   12.4373   26.2543   12.4373    0.0000   -4.2779    0.2314    0.0000    0.1992  -10.0000    5.8906  0.1770E+12  0.6670E+00  0.7824E-06 -0.6964E-04  0.1923E+02  0.000
    5.8886 14  7   12.4402   25.9918   12.4402    0.0000   -4.2778    0.2291    0.0000    0.1974  -10.0000    5.8858  0.1769E+12  0.6808E+00  0.7713E-06 -0.6852E-04  0.1935E+02  0.000
    5.8925 14  7   12.4432   25.7319   12.4432    0.0000   -4.2777    0.2270    0.0000    0.1955  -10.0000    5.8811  0.1768E+12  0.6895E+00  0.7603E-06 -0.6741E-04  0.1947E+02  0.000
    5.8963 14  7   12.4461   25.4746   12.4461    0.0000   -4.2776    0.2248    0.0000    0.1937  -10.0000    5.8763  0.1767E+12  0.6938E+00  0.7494E-06 -0.6632E-04  0.1959E+02  0.000
    5.9002 14  7   12.4490   25.2198   12.4490    0.0000   -4.2775    0.2226    0.0000    0.1920  -10.0000    5.8715  0.1765E+12  0.6944E+00  0.7387E-06 -0.6523E-04  0.1971E+02  0.000
    5.9042 14  7   12.4518   24.9676   12.4518    0.0000   -4.2774    0.2204    0.0000    0.1902  -10.0000    5.8667  0.1764E+12  0.6917E+00  0.7280E-06 -0.6416E-04  0.1984E+02  0.000
    5.9081 14  7   12.4547   24.7179   12.4547    0.0000   -4.2773    0.2182    0.0000    0.1885  -10.0000    5.8619  0.1763E+12  0.6863E+00  0.7175E-06 -0.6311E-04  0.1996E+02  0.000
    5.9121 14  7   12.4575   24.4708   12.4575    0.0000   -4.2772    0.2161    0.0000    0.1868  -10.0000    5.8570  0.1762E+12  0.6785E+00  0.7070E-06 -0.6206E-04  0.2008E+02  0.000
    5.9161 14  7   12.4603   24.2260   12.4603    0.0000   -4.2771    0.2139    0.0000    0.1851  -10.0000    5.8521  0.1761E+12  0.6689E+00  0.6967E-06 -0.6103E-04  0.2021E+02  0.000
    5.9202 14  7   12.4631   23.9838   12.4631    0.0000   -4.2770    0.2118    0.0000    0.1834  -10.0000    5.8472  0.1760E+12  0.6576E+00  0.6865E-06 -0.6001E-04  0.2033E+02  0.000
    5.9242 14  7   12.4658   23.7439   12.4658    0.0000   -4.2769    0.2097    0.0000    0.1818  -10.0000    5.8423  0.1758E+12  0.6450E+00  0.6764E-06 -0.5900E-04  0.2046E+02  0.000
    5.9283 14  7   12.4685   23.5065   12.4685    0.0000   -4.2768    0.2075    0.0000    0.1802  -10.0000    5.8374  0.1757E+12  0.6313E+00  0.6665E-06 -0.5801E-04  0.2058E+02  0.000
    5.9324 14  7   12.4712   23.2714   12.4712    0.0000   -4.2767    0.2054    0.0000    0.1786  -10.0000    5.8324  0.1756E+12  0.6168E+00  0.6566E-06 -0.5703E-04  0.2071E+02  0.000
    5.9366 14  7   12.4739   23.0387   12.4739    0.0000   -4.2766    0.2033    0.0000    0.1770  -10.0000    5.8274  0.1755E+12  0.6016E+00  0.6468E-06 -0.5606E-04  0.2084E+02  0.000
    5.9408 14  7   12.4766   22.8083   12.4766    0.0000   -4.2765    0.2012    0.0000    0.1755  -10.0000    5.8224  0.1754E+12  0.5860E+00  0.6372E-06 -0.5510E-04  0.2096E+02  0.000
    5.9450 14  7   12.4792   22.5803   12.4792    0.0000   -4.2764    0.1991    0.0000    0.1740  -10.0000    5.8174  0.1753E+12  0.5699E+00  0.6277E-06 -0.5416E-04  0.2109E+02  0.000
    5.9492 14  7   12.4819   22.3545   12.4819    0.0000   -4.2764    0.1970    0.0000    0.1725  -10.0000    5.8123  0.1752E+12  0.5537E+00  0.6183E-06 -0.5322E-04  0.2122E+02  0.000
    5.9535 14  7   12.4845   22.1309   12.4845    0.0000   -4.2763    0.1949    0.0000    0.1710  -10.0000    5.8073  0.1751E+12  0.5373E+00  0.6090E-06 -0.5230E-04  0.2134E+02  0.000
    5.9578 14  7   12.4870   21.9096   12.4870    0.0000   -4.2762    0.1929    0.0000    0.1695  -10.0000    5.8022  0.1749E+12  0.5209E+00  0.5998E-06 -0.5139E-04  0.2147E+02  0.000
    5.9622 14  7   12.4896   21.6905   12.4896    0.0000   -4.2761    0.1908    0.0000    0.1681  -10.0000    5.7971  0.1748E+12  0.5045E+00  0.5907E-06 -0.5050E-04  0.2160E+02  0.000
    5.9665 14  7   12.4921   21.4736   12.4921    0.0000   -4.2760    0.1888    0.0000    0.1666  -10.0000    5.7919  0.1747E+12  0.4883E+00  0.5817E-06 -0.4961E-04  0.2173E+02  0.000
    5.9709 14  7   12.4947   21.2589   12.4947    0.0000   -4.2759    0.1867    0.0000    0.1652  -10.0000    5.7868  0.1746E+12  0.4722E+00  0.5729E-06 -0.4874E-04  0.2186E+02  0.000
    5.9754 14  7   12.4972   21.0463   12.4972    0.0000   -4.2758    0.1847    0.0000    0.1638  -10.0000    5.7816  0.1745E+12  0.4563E+00  0.5641E-06 -0.4788E-04  0.2199E+02  0.000
    5.9798 14  7   12.4997   20.8358   12.4997    0.0000   -4.2757    0.1826    0.0000    0.1625  -10.0000    5.7764  0.1744E+12  0.4407E+00  0.5555E-06 -0.4703E-04  0.2212E+02  0.000
    5.9844 14  7   12.5021   20.6275   12.5021    0.0000   -4.2757    0.1806    0.0000    0.1611  -10.0000    5.7712  0.1743E+12  0.4254E+00  0.5469E-06 -0.4619E-04  0.2225E+02  0.000
    5.9889 14  7   12.5046   20.4212   12.5046    0.0000   -4.2756    0.1786    0.0000    0.1598  -10.0000    5.7659  0.1742E+12  0.4105E+00  0.5385E-06 -0.4537E-04  0.2238E+02  0.000
    5.9935 14  7   12.5070   20.2170   12.5070    0.0000   -4.2755    0.1766    0.0000    0.1585  -10.0000    5.7606  0.1741E+12  0.3958E+00  0.5302E-06 -0.4455E-04  0.2251E+02  0.000
    5.9981 14  7   12.5094   20.0148   12.5094    0.0000   -4.2754    0.1745    0.0000    0.1571  -10.0000    5.7554  0.1740E+12  0.3815E+00  0.5219E-06 -0.4375E-04  0.2264E+02  0.000
    6.0028 14  7   12.5118   19.8146   12.5118    0.0000   -4.2753    0.1725    0.0000    0.1559  -10.0000    5.7500  0.1739E+12  0.3676E+00  0.5138E-06 -0.4296E-04  0.2277E+02  0.000
    6.0075 14  7   12.5142   19.6165   12.5142    0.0000   -4.2752    0.1705    0.0000    0.1546  -10.0000    5.7447  0.1738E+12  0.3541E+00  0.5058E-06 -0.4218E-04  0.2290E+02  0.000
    6.0122 14  7   12.5165   19.4203   12.5165    0.0000   -4.2751    0.1685    0.0000    0.1533  -10.0000    5.7393  0.1737E+12  0.3410E+00  0.4978E-06 -0.4141E-04  0.2303E+02  0.000
    6.0170 14  7   12.5189   19.2261   12.5189    0.0000   -4.2751    0.1665    0.0000    0.1521  -10.0000    5.7340  0.1736E+12  0.3282E+00  0.4900E-06 -0.4065E-04  0.2316E+02  0.000
    6.0218 14  7   12.5212   19.0339   12.5212    0.0000   -4.2750    0.1645    0.0000    0.1509  -10.0000    5.7286  0.1735E+12  0.3159E+00  0.4823E-06 -0.3990E-04  0.2329E+02  0.000
    6.0267 14  7   12.5235   18.8435   12.5235    0.0000   -4.2749    0.1625    0.0000    0.1496  -10.0000    5.7231  0.1734E+12  0.3039E+00  0.4746E-06 -0.3916E-04  0.2343E+02  0.000
    6.0316 14  7   12.5258   18.6551   12.5258    0.0000   -4.2748    0.1605    0.0000    0.1484  -10.0000    5.7177  0.1733E+12  0.2924E+00  0.4671E-06 -0.3843E-04  0.2356E+02  0.000
    6.0365 14  7   12.5281   18.4685   12.5281    0.0000   -4.2747    0.1585    0.0000    0.1473  -10.0000    5.7122  0.1732E+12  0.2812E+00  0.4596E-06 -0.3772E-04  0.2369E+02  0.000
    6.0415 14  7   12.5303   18.2839   12.5303    0.0000   -4.2747    0.1565    0.0000    0.1461  -10.0000    5.7067  0.1731E+12  0.2704E+00  0.4522E-06 -0.3701E-04  0.2382E+02  0.000
    6.0465 14  7   12.5326   18.1010   12.5326    0.0000   -4.2746    0.1545    0.0000    0.1449  -10.0000    5.7012  0.1730E+12  0.2600E+00  0.4449E-06 -0.3632E-04  0.2396E+02  0.000
    6.0516 14  7   12.5348   17.9200   12.5348    0.0000   -4.2745    0.1525    0.0000    0.1438  -10.0000    5.6957  0.1730E+12  0.2499E+00  0.4377E-06 -0.3563E-04  0.2409E+02  0.000
    6.0567 14  7   12.5370   17.7408   12.5370    0.0000   -4.2744    0.1505    0.0000    0.1426  -10.0000    5.6901  0.1729E+12  0.2402E+00  0.4306E-06 -0.3496E-04  0.2422E+02  0.000
    6.0619 14  7   12.5392   17.5634   12.5392    0.0000   -4.2744    0.1485    0.0000    0.1415  -10.0000    5.6846  0.1728E+12  0.2309E+00  0.4235E-06 -0.3429E-04  0.2436E+02  0.000
    6.0671 14  7   12.5414   17.3878   12.5414    0.0000   -4.2743    0.1465    0.0000    0.1404  -10.0000    5.6790  0.1727E+12  0.2219E+00  0.4165E-06 -0.3364E-04  0.2449E+02  0.000
    6.0724 14  7   12.5435   17.2139   12.5435    0.0000   -4.2742    0.1444    0.0000    0.1393  -10.0000    5.6733  0.1726E+12  0.2133E+00  0.4096E-06 -0.3300E-04  0.2463E+02  0.000
    6.0777 14  7   12.5457   17.0418   12.5457    0.0000   -4.2741    0.1424    0.0000    0.1382  -10.0000    5.6677  0.1725E+12  0.2050E+00  0.4028E-06 -0.3236E-04  0.2476E+02  0.000
    6.0831 14  7   12.5478   16.8713   12.5478    0.0000   -4.2741    0.1403    0.0000    0.1371  -10.0000    5.6620  0.1724E+12  0.1970E+00  0.3960E-06 -0.3174E-04  0.2489E+02  0.000
    6.0885 14  7   12.5499   16.7026   12.5499    0.0000   -4.2740    0.1382    0.0000    0.1360  -10.0000    5.6563  0.1723E+12  0.1893E+00  0.3893E-06 -0.3112E-04  0.2503E+02  0.000
    6.0940 14  7   12.5520   16.5356   12.5520    0.0000   -4.2739    0.1361    0.0000    0.1349  -10.0000    5.6506  0.1722E+12  0.1820E+00  0.3827E-06 -0.3052E-04  0.2516E+02  0.000
    6.0995 14  7   12.5541   16.3702   12.5541    0.0000   -4.2738    0.1339    0.0000    0.1338  -10.0000    5.6449  0.1722E+12  0.1749E+00  0.3761E-06 -0.2992E-04  0.2530E+02  0.000
    6.1051 14  7   12.5561   16.2065   12.5561    0.0000   -4.2738    0.1318    0.0000    0.1327  -10.0000    5.6391  0.1721E+12  0.1681E+00  0.3696E-06 -0.2933E-04  0.2543E+02  0.000
    6.1107 14  7   12.5582   16.0445   12.5582    0.0000   -4.2737    0.1296    0.0000    0.1317  -10.0000    5.6334  0.1720E+12  0.1617E+00  0.3631E-06 -0.2875E-04  0.2557E+02  0.000
    6.1164 14  7   12.5602   15.8840   12.5602    0.0000   -4.2736    0.1274    0.0000    0.1306  -10.0000    5.6276  0.1719E+12  0.1554E+00  0.3567E-06 -0.2819E-04  0.2570E+02  0.000
    6.1222 14  7   12.5622   15.7252   12.5622    0.0000   -4.2736    0.1251    0.0000    0.1295  -10.0000    5.6217  0.1718E+12  0.1495E+00  0.3504E-06 -0.2763E-04  0.2584E+02  0.000
    6.1280 14  7   12.5642   15.5679   12.5642    0.0000   -4.2735    0.1228    0.0000    0.1285  -10.0000    5.6159  0.1717E+12  0.1438E+00  0.3440E-06 -0.2708E-04  0.2597E+02  0.000
    6.1338 14  7   12.5662   15.4123   12.5662    0.0000   -4.2734    0.1204    0.0000    0.1274  -10.0000    5.6100  0.1717E+12  0.1383E+00  0.3378E-06 -0.2654E-04  0.2611E+02  0.000
    6.1398 14  7   12.5682   15.2581   12.5682    0.0000   -4.2734    0.1180    0.0000    0.1263  -10.0000    5.6041  0.1716E+12  0.1331E+00  0.3315E-06 -0.2600E-04  0.2625E+02  0.000
    6.1458 14  7   12.5701   15.1056   12.5701    0.0000   -4.2733    0.1156    0.0000    0.1252  -10.0000    5.5982  0.1715E+12  0.1281E+00  0.3253E-06 -0.2548E-04  0.2638E+02  0.000
    6.1518 14  7   12.5721   14.9545   12.5721    0.0000   -4.2732    0.1131    0.0000    0.1242  -10.0000    5.5923  0.1714E+12  0.1233E+00  0.3191E-06 -0.2496E-04  0.2652E+02  0.000
    6.1579 14  7   12.5740   14.8050   12.5740    0.0000   -4.2732    0.1105    0.0000    0.1231  -10.0000    5.5863  0.1713E+12  0.1187E+00  0.3129E-06 -0.2446E-04  0.2665E+02  0.000
    6.1641 14  7   12.5759   14.6569   12.5759    0.0000   -4.2731    0.1078    0.0000    0.1220  -10.0000    5.5803  0.1713E+12  0.1144E+00  0.3068E-06 -0.2396E-04  0.2679E+02  0.000
    6.1704 14  7   12.5777   14.5103   12.5777    0.0000   -4.2730    0.1050    0.0000    0.1209  -10.0000    5.5743  0.1712E+12  0.1103E+00  0.3007E-06 -0.2347E-04  0.2693E+02  0.000
    6.1767 14  7   12.5796   14.3652   12.5796    0.0000   -4.2730    0.1022    0.0000    0.1197  -10.0000    5.5683  0.1711E+12  0.1063E+00  0.2945E-06 -0.2299E-04  0.2706E+02  0.000
    6.1830 14  7   12.5814   14.2216   12.5814    0.0000   -4.2729    0.0992    0.0000    0.1186  -10.0000    5.5622  0.1710E+12  0.1026E+00  0.2884E-06 -0.2251E-04  0.2720E+02  0.000
    6.1895 14  7   12.5833   14.0794   12.5833    0.0000   -4.2728    0.0962    0.0000    0.1174  -10.0000    5.5562  0.1710E+12  0.9899E-01  0.2823E-06 -0.2205E-04  0.2734E+02  0.000
    6.1960 14  7   12.5851   13.9386   12.5851    0.0000   -4.2728    0.0930    0.0000    0.1163  -10.0000    5.5501  0.1709E+12  0.9561E-01  0.2762E-06 -0.2159E-04  0.2747E+02  0.000
    6.2026 14  7   12.5869   13.7992   12.5869    0.0000   -4.2727    0.0896    0.0000    0.1151  -10.0000    5.5439  0.1708E+12  0.9239E-01  0.2700E-06 -0.2114E-04  0.2761E+02  0.000
    6.2093 14  7   12.5886   13.6612   12.5886    0.0000   -4.2727    0.0862    0.0000    0.1138  -10.0000    5.5378  0.1707E+12  0.8935E-01  0.2639E-06 -0.2070E-04  0.2775E+02  0.000
    6.2160 14  7   12.5903   13.5246   12.5903    0.0000   -4.2726    0.0825    0.0000    0.1126  -10.0000    5.5316  0.1707E+12  0.8647E-01  0.2577E-06 -0.2026E-04  0.2789E+02  0.000
    6.2228 14  7   12.5921   13.3893   12.5921    0.0000   -4.2725    0.0787    0.0000    0.1113  -10.0000    5.5254  0.1706E+12  0.8376E-01  0.2515E-06 -0.1983E-04  0.2802E+02  0.000
    6.2297 14  7   12.5938   13.2554   12.5938    0.0000   -4.2725    0.0747    0.0000    0.1100  -10.0000    5.5192  0.1705E+12  0.8121E-01  0.2453E-06 -0.1942E-04  0.2816E+02  0.000
    6.2367 14  7   12.5954   13.1229   12.5954    0.0000   -4.2724    0.0705    0.0000    0.1087  -10.0000    5.5130  0.1705E+12  0.7881E-01  0.2390E-06 -0.1900E-04  0.2830E+02  0.000
    6.2438 14  7   12.5971   12.9917   12.5971    0.0000   -4.2724    0.0661    0.0000    0.1073  -10.0000    5.5067  0.1704E+12  0.7657E-01  0.2327E-06 -0.1860E-04  0.2843E+02  0.000
    6.2509 14  7   12.5987   12.8617   12.5987    0.0000   -4.2723    0.0614    0.0000    0.1059  -10.0000    5.5004  0.1703E+12  0.7448E-01  0.2263E-06 -0.1820E-04  0.2857E+02  0.000
    6.2581 14  7   12.6003   12.7331   12.6003    0.0000   -4.2723    0.0564    0.0000    0.1044  -10.0000    5.4941  0.1703E+12  0.7255E-01  0.2199E-06 -0.1781E-04  0.2871E+02  0.000
    6.2654 14  7   12.6018   12.6058   12.6018    0.0000   -4.2722    0.0511    0.0000    0.1029  -10.0000    5.4878  0.1702E+12  0.7076E-01  0.2135E-06 -0.1743E-04  0.2885E+02  0.000
    6.2728 14  7   12.6034   12.4797   12.6034    0.0000   -4.2721    0.0455    0.0000    0.1013  -10.0000    5.4814  0.1702E+12  0.6913E-01  0.2069E-06 -0.1705E-04  0.2898E+02  0.000
    6.2803 14  7   12.6049   12.3549   12.6049    0.0000   -4.2721    0.0395    0.0000    0.0997  -10.0000    5.4751  0.1701E+12  0.6766E-01  0.2003E-06 -0.1668E-04  0.2912E+02  0.000
    6.2879 14  7   12.6063   12.2314   12.6063    0.0000   -4.2720    0.0331    0.0000    0.0980  -10.0000    5.4687  0.1700E+12  0.6634E-01  0.1936E-06 -0.1632E-04  0.2926E+02  0.000
    6.2955 14  7   12.6078   12.1091   12.6078    0.0000   -4.2720    0.0263    0.0000    0.0963  -10.0000    5.4622  0.1700E+12  0.6518E-01  0.1868E-06 -0.1596E-04  0.2940E+02  0.000
    6.3017 14  7   12.6089   12.0137   12.6089    0.0000   -4.2720    0.0206    0.0000    0.0948  -10.0000    5.4572  0.1699E+12  0.6440E-01  0.1800E-06 -0.1561E-04  0.2951E+02  0.000
    6.3017 14  7   12.6089   12.0132   12.6089    0.0000   -4.2720    0.0206    0.0000    0.0948  -10.0000    5.4572  0.1699E+12  0.6440E-01  0.1745E-06 -0.1534E-04  0.2951E+02  0.000
    6.3017 14  8   12.6089   12.0132   12.6089    8.4627   -4.2720    0.0206    0.0000    0.0948  -10.0000    5.4572  0.1699E+12  0.3236E+00  0.1745E-06 -0.1534E-04  0.2951E+02  0.000
    6.3026 14  8   12.6090   11.9990   12.6090    8.4840   -4.2720    0.0217    0.0000    0.0951  -10.0000    5.4626  0.1699E+12  0.3155E+00  0.1745E-06 -0.1534E-04  0.2952E+02  0.000
    6.3035 14  8   12.6092   11.9847   12.6092    8.5053   -4.2719    0.0229    0.0000    0.0953  -10.0000    5.4681  0.1699E+12  0.3075E+00  0.1788E-06 -0.1563E-04  0.2954E+02  0.000
    6.3044 14  8   12.6093   11.9703   12.6093    8.5267   -4.2719    0.0241    0.0000    0.0955  -10.0000    5.4735  0.1699E+12  0.2994E+00  0.1832E-06 -0.1593E-04  0.2955E+02  0.000
    6.3053 14  8   12.6095   11.9558   12.6095    8.5481   -4.2719    0.0253    0.0000    0.0958  -10.0000    5.4790  0.1699E+12  0.2914E+00  0.1878E-06 -0.1623E-04  0.2957E+02  0.000
    6.3062 14  8   12.6097   11.9411   12.6097    8.5697   -4.2719    0.0265    0.0000    0.0960  -10.0000    5.4844  0.1699E+12  0.2834E+00  0.1925E-06 -0.1654E-04  0.2959E+02  0.000
    6.3071 14  8   12.6099   11.9264   12.6099    8.5912   -4.2719    0.0277    0.0000    0.0962  -10.0000    5.4899  0.1699E+12  0.2754E+00  0.1973E-06 -0.1685E-04  0.2960E+02  0.000
    6.3080 14  8   12.6100   11.9114   12.6100    8.6128   -4.2719    0.0289    0.0000    0.0965  -10.0000    5.4953  0.1699E+12  0.2674E+00  0.2023E-06 -0.1717E-04  0.2962E+02  0.000
    6.3088 14  8   12.6102   11.8964   12.6102    8.6345   -4.2719    0.0302    0.0000    0.0967  -10.0000    5.5008  0.1699E+12  0.2595E+00  0.2074E-06 -0.1750E-04  0.2964E+02  0.000
    6.3097 14  8   12.6104   11.8812   12.6104    8.6562   -4.2719    0.0314    0.0000    0.0970  -10.0000    5.5063  0.1699E+12  0.2516E+00  0.2127E-06 -0.1783E-04  0.2966E+02  0.000
    6.3105 14  8   12.6106   11.8659   12.6106    8.6780   -4.2719    0.0327    0.0000    0.0972  -10.0000    5.5117  0.1699E+12  0.2438E+00  0.2180E-06 -0.1817E-04  0.2967E+02  0.000
    6.3114 14  8   12.6108   11.8504   12.6108    8.6998   -4.2719    0.0340    0.0000    0.0975  -10.0000    5.5172  0.1699E+12  0.2360E+00  0.2236E-06 -0.1852E-04  0.2969E+02  0.000
    6.3122 14  8   12.6110   11.8348   12.6110    8.7217   -4.2719    0.0353    0.0000    0.0978  -10.0000    5.5226  0.1698E+12  0.2282E+00  0.2293E-06 -0.1887E-04  0.2971E+02  0.000
    6.3130 14  8   12.6111   11.8191   12.6111    8.7437   -4.2719    0.0367    0.0000    0.0980  -10.0000    5.5281  0.1698E+12  0.2205E+00  0.2352E-06 -0.1923E-04  0.2973E+02  0.000
    6.3138 14  8   12.6113   11.8032   12.6113    8.7656   -4.2719    0.0380    0.0000    0.0983  -10.0000    5.5335  0.1698E+12  0.2129E+00  0.2412E-06 -0.1959E-04  0.2975E+02  0.000
    6.3146 14  8   12.6115   11.7872   12.6115    8.7877   -4.2719    0.0394    0.0000    0.0986  -10.0000    5.5390  0.1698E+12  0.2053E+00  0.2474E-06 -0.1997E-04  0.2976E+02  0.000
    6.3154 14  8   12.6117   11.7711   12.6117    8.8098   -4.2719    0.0408    0.0000    0.0989  -10.0000    5.5444  0.1698E+12  0.1978E+00  0.2538E-06 -0.2035E-04  0.2978E+02  0.000
    6.3162 14  8   12.6119   11.7548   12.6119    8.8320   -4.2719    0.0422    0.0000    0.0992  -10.0000    5.5499  0.1698E+12  0.1904E+00  0.2604E-06 -0.2073E-04  0.2980E+02  0.000
    6.3170 14  8   12.6122   11.7383   12.6122    8.8542   -4.2718    0.0437    0.0000    0.0995  -10.0000    5.5554  0.1698E+12  0.1831E+00  0.2672E-06 -0.2113E-04  0.2982E+02  0.000
    6.3177 14  8   12.6124   11.7217   12.6124    8.8765   -4.2718    0.0452    0.0000    0.0998  -10.0000    5.5608  0.1698E+12  0.1758E+00  0.2743E-06 -0.2153E-04  0.2984E+02  0.000
    6.3185 14  8   12.6126   11.7050   12.6126    8.8988   -4.2718    0.0467    0.0000    0.1001  -10.0000    5.5663  0.1698E+12  0.1686E+00  0.2815E-06 -0.2194E-04  0.2986E+02  0.000
    6.3193 14  8   12.6128   11.6881   12.6128    8.9212   -4.2718    0.0482    0.0000    0.1004  -10.0000    5.5717  0.1698E+12  0.1615E+00  0.2889E-06 -0.2236E-04  0.2988E+02  0.000
    6.3198 14 14   12.6130   11.6767   12.6130   11.6767   -4.2718   -4.3053    0.0000    0.0000  -10.0000  -10.0000  0.1698E+12  0.2000E+09  0.2966E-06 -0.2278E-04  0.2987E+02  0.000
    6.4198 14 14   12.6130   11.6767   12.6130   11.6767   -4.2718   -4.3053    0.0000    0.0000  -10.0000  -10.0000  0.1698E+12  0.2000E+09  0.0000E+00  0.0000E+00  0.2987E+02  0.000
    7.4198 14 14   12.6130   11.6767   12.6130   11.6767   -4.2718   -4.3053    0.0000    0.0000  -10.0000  -10.0000  0.1698E+12  0.2000E+09  0.0000E+00  0.0000E+00  0.2987E+02  0.000
   10.0000 14 14   12.6130   11.6767   12.6130   11.6767   -4.2718   -4.3053    0.0000    0.0000  -10.0000  -10.0000  0.1698E+12  0.2000E+09  0.0000E+00  0.0000E+00  0.2987E+02  0.000
   10.0000 14 14   12.6130   11.6767   12.6130   11.6767   -4.2718   -4.3053    0.0000    0.0000  -10.0000  -10.0000  0.1698E+12  0.2000E+09 -0.0000E+00  0.0000E+00  0.2987E+02  0.000
 