    0.0000  1  1   95.0000   45.0000    0.0000    0.0000    1.1282    0.9323    0.2146    0.1922    6.0552    5.4420  0.5626E+03  0.9881E+03  0.0000E+00  0.0000E+00  0.1407E+03  0.000
    0.1748  1  1   94.4610   44.9487    0.0000    0.0000    1.1386    0.9402    0.2192    0.1947    6.0614    5.4494  0.5220E+03  0.9642E+03 -0.3084E-05 -0.2936E-06  0.1413E+03  0.000
    0.3498  1  1   93.9014   44.8957    0.0000    0.0000    1.1492    0.9481    0.2239    0.1972    6.0682    5.4572  0.4817E+03  0.9401E+03 -0.3197E-05 -0.3027E-06  0.1419E+03  0.000
    0.5251  1  1   93.3191   44.8410    0.0000    0.0000    1.1603    0.9562    0.2289    0.1998    6.0757    5.4653  0.4416E+03  0.9156E+03 -0.3322E-05 -0.3123E-06  0.1425E+03  0.000
    0.7007  1  1   92.7114   44.7844    0.0000    0.0000    1.1721    0.9645    0.2344    0.2024    6.0838    5.4737  0.4015E+03  0.8905E+03 -0.3461E-05 -0.3223E-06  0.1431E+03  0.000
    0.8766  1  1   92.0754   44.7258    0.0000    0.0000    1.1848    0.9730    0.2405    0.2052    6.0925    5.4825  0.3615E+03  0.8649E+03 -0.3616E-05 -0.3328E-06  0.1438E+03  0.000
    1.0528  1  1   91.4073   44.6653    0.0000    0.0000    1.1988    0.9819    0.2474    0.2081    6.1017    5.4916  0.3217E+03  0.8384E+03 -0.3792E-05 -0.3437E-06  0.1445E+03  0.000
    1.2293  1  1   90.7028   44.6026    0.0000    0.0000    1.2142    0.9912    0.2553    0.2112    6.1113    5.5011  0.2823E+03  0.8111E+03 -0.3991E-05 -0.3549E-06  0.1453E+03  0.000
    1.4062  1  1   89.9570   44.5378    0.0000    0.0000    1.2314    1.0010    0.2645    0.2144    6.1214    5.5109  0.2436E+03  0.7828E+03 -0.4216E-05 -0.3664E-06  0.1461E+03  0.000
    1.5835  1  1   89.1638   44.4708    0.0000    0.0000    1.2504    1.0113    0.2751    0.2179    6.1317    5.5210  0.2061E+03  0.7534E+03 -0.4474E-05 -0.3779E-06  0.1469E+03  0.000
    1.7612  1  1   88.3164   44.4017    0.0000    0.0000    1.2716    1.0223    0.2876    0.2216    6.1423    5.5315  0.1705E+03  0.7228E+03 -0.4768E-05 -0.3893E-06  0.1479E+03  0.000
    1.9342  1  1   87.4333   44.3324    0.0000    0.0000    1.2946    1.0337    0.3018    0.2256    6.1527    5.5421  0.1389E+03  0.6918E+03 -0.5106E-05 -0.4001E-06  0.1488E+03  0.000
    2.0937  1  1   86.5589   44.2671    0.0000    0.0000    1.3182    1.0447    0.3173    0.2295    6.1622    5.5521  0.1137E+03  0.6622E+03 -0.5482E-05 -0.4094E-06  0.1497E+03  0.000
    2.2409  1  1   85.6934   44.2058    0.0000    0.0000    1.3424    1.0556    0.3340    0.2334    6.1709    5.5615  0.9493E+02  0.6339E+03 -0.5877E-05 -0.4164E-06  0.1506E+03  0.000
    2.3771  1  1   84.8364   44.1486    0.0000    0.0000    1.3672    1.0661    0.3523    0.2373    6.1787    5.5705  0.8289E+02  0.6069E+03 -0.6293E-05 -0.4203E-06  0.1515E+03  0.000
    2.5032  1  1   83.9881   44.0956    0.0000    0.0000    1.3928    1.0765    0.3725    0.2412    6.1856    5.5790  0.7744E+02  0.5814E+03 -0.6729E-05 -0.4206E-06  0.1523E+03  0.000
    2.6200  1  1   83.1482   44.0469    0.0000    0.0000    1.4193    1.0865    0.3948    0.2451    6.1917    5.5871  0.7804E+02  0.5573E+03 -0.7189E-05 -0.4166E-06  0.1530E+03  0.000
    2.7284  1  1   82.3167   44.0028    0.0000    0.0000    1.4468    1.0963    0.4196    0.2491    6.1970    5.5947  0.8338E+02  0.5349E+03 -0.7674E-05 -0.4072E-06  0.1536E+03  0.000
    2.8289  1  1   81.4935   43.9634    0.0000    0.0000    1.4754    1.1059    0.4475    0.2532    6.2015    5.6019  0.9112E+02  0.5144E+03 -0.8187E-05 -0.3913E-06  0.1541E+03  0.000
    2.9222  1  1   80.6786   43.9291    0.0000    0.0000    1.5052    1.1151    0.4785    0.2572    6.2051    5.6088  0.9178E+02  0.4960E+03 -0.8734E-05 -0.3674E-06  0.1547E+03  0.000
    3.0088  1  1   79.8718   43.9002    0.0000    0.0000    1.5362    1.1242    0.5132    0.2612    6.2081    5.6153  0.8947E+02  0.4796E+03 -0.9317E-05 -0.3342E-06  0.1552E+03  0.000
    3.0892  1  1   79.0731   43.8769    0.0000    0.0000    1.5683    1.1330    0.5522    0.2651    6.2103    5.6215  0.8773E+02  0.4653E+03 -0.9940E-05 -0.2897E-06  0.1556E+03  0.000
    3.1637  1  1   78.2824   43.8596    0.0000    0.0000    1.6015    1.1415    0.5959    0.2692    6.2118    5.6274  0.8603E+02  0.4531E+03 -0.1061E-04 -0.2318E-06  0.1559E+03  0.000
    3.2329  1  1   77.4995   43.8487    0.0000    0.0000    1.6356    1.1498    0.6449    0.2733    6.2127    5.6330  0.8447E+02  0.4434E+03 -0.1132E-04 -0.1580E-06  0.1562E+03  0.000
    3.2867  1  1   76.8496   43.8452    0.0000    0.0000    1.6646    1.1566    0.6905    0.2769    6.2129    5.6375  0.8744E+02  0.4376E+03 -0.1207E-04 -0.6574E-07  0.1562E+03  0.000
    3.3232  1  1   76.3850   43.8462    0.0000    0.0000    1.6856    1.1613    0.7262    0.2797    6.2128    5.6407  0.9267E+02  0.4355E+03 -0.1274E-04  0.2764E-07  0.1561E+03  0.000
    3.3541  1  1   75.9753   43.8494    0.0000    0.0000    1.7043    1.1655    0.7595    0.2822    6.2125    5.6434  0.9363E+02  0.4355E+03 -0.1323E-04  0.1049E-06  0.1560E+03  0.000
    3.3772  1  1   75.6599   43.8536    0.0000    0.0000    1.7189    1.1686    0.7869    0.2843    6.2121    5.6455  0.9707E+02  0.4365E+03 -0.1368E-04  0.1806E-06  0.1558E+03  0.000
    3.3984  1  1   75.3627   43.8588    0.0000    0.0000    1.7326    1.1715    0.8136    0.2862    6.2117    5.6475  0.9736E+02  0.4387E+03 -0.1403E-04  0.2446E-06  0.1557E+03  0.000
    3.4149  1  1   75.1251   43.8639    0.0000    0.0000    1.7437    1.1739    0.8362    0.2878    6.2113    5.6490  0.9989E+02  0.4411E+03 -0.1437E-04  0.3091E-06  0.1555E+03  0.000
    3.4308  1  1   74.8930   43.8697    0.0000    0.0000    1.7545    1.1761    0.8587    0.2894    6.2109    5.6505  0.9991E+02  0.4443E+03 -0.1465E-04  0.3645E-06  0.1554E+03  0.000
    3.4435  1  1   74.7028   43.8750    0.0000    0.0000    1.7634    1.1780    0.8781    0.2908    6.2105    5.6517  0.1019E+03  0.4474E+03 -0.1492E-04  0.4213E-06  0.1552E+03  0.000
    3.4560  1  1   74.5131   43.8809    0.0000    0.0000    1.7723    1.1798    0.8977    0.2921    6.2101    5.6529  0.1018E+03  0.4511E+03 -0.1515E-04  0.4705E-06  0.1550E+03  0.000
    3.4663  1  1   74.3547   43.8863    0.0000    0.0000    1.7798    1.1813    0.9148    0.2933    6.2097    5.6540  0.1034E+03  0.4546E+03 -0.1538E-04  0.5213E-06  0.1548E+03  0.000
    3.4766  1  1   74.1950   43.8921    0.0000    0.0000    1.7873    1.1829    0.9322    0.2945    6.2093    5.6550  0.1033E+03  0.4586E+03 -0.1557E-04  0.5659E-06  0.1547E+03  0.000
    3.4852  1  1   74.0593   43.8974    0.0000    0.0000    1.7937    1.1842    0.9476    0.2956    6.2089    5.6558  0.1046E+03  0.4623E+03 -0.1577E-04  0.6122E-06  0.1545E+03  0.000
    3.4938  1  1   73.9217   43.9030    0.0000    0.0000    1.8002    1.1855    0.9632    0.2967    6.2086    5.6567  0.1045E+03  0.4664E+03 -0.1594E-04  0.6531E-06  0.1543E+03  0.000
    3.5012  1  1   73.8031   43.9081    0.0000    0.0000    1.8058    1.1866    0.9773    0.2977    6.2082    5.6575  0.1056E+03  0.4702E+03 -0.1611E-04  0.6956E-06  0.1541E+03  0.000
    3.5086  1  1   73.6825   43.9136    0.0000    0.0000    1.8115    1.1878    0.9916    0.2986    6.2079    5.6582  0.1056E+03  0.4744E+03 -0.1626E-04  0.7335E-06  0.1540E+03  0.000
    3.5128  1  1   73.6136   43.9168    0.0000    0.0000    1.8148    1.1884    1.0000    0.2992    6.2077    5.6587  0.1062E+03  0.4770E+03 -0.1642E-04  0.7729E-06  0.1539E+03  0.000
    3.5133  1  1   73.6052   43.9172    0.0000    0.0000    1.8152    1.1885    1.0010    0.2993    6.2076    5.6587  0.1063E+03  0.4773E+03  0.0000E+00  0.0000E+00  0.1539E+03  0.000
    3.5133  1  1   73.6050   43.9172    0.0000    0.0000    1.8152    1.1885    1.0011    0.2993    6.2076    5.6587  0.1068E+03  0.4773E+03 -0.1650E-04  0.7957E-06  0.1538E+03  0.000
    3.5134  1  1   73.6046   43.9172    0.0000    0.0000    1.8152    1.1885    1.0013    0.2994    6.2076    5.6587  0.1075E+03  0.4773E+03 -0.1650E-04  0.7956E-06  0.1538E+03  0.000
    3.5134  1  1   73.6038   43.9173    0.0000    0.0000    1.8153    1.1885    1.0016    0.2994    6.2076    5.6587  0.1086E+03  0.4773E+03 -0.1650E-04  0.7954E-06  0.1538E+03  0.000
    3.5135  1  1   73.6021   43.9174    0.0000    0.0000    1.8153    1.1885    1.0022    0.2996    6.2076    5.6588  0.1104E+03  0.4774E+03 -0.1649E-04  0.7950E-06  0.1537E+03  0.000
    3.5137  1  1   73.5987   43.9175    0.0000    0.0000    1.8155    1.1886    1.0030    0.2997    6.2076    5.6588  0.1124E+03  0.4775E+03 -0.1649E-04  0.7945E-06  0.1537E+03  0.000
    3.5141  1  1   73.5919   43.9178    0.0000    0.0000    1.8158    1.1886    1.0038    0.2997    6.2076    5.6588  0.1125E+03  0.4778E+03 -0.1648E-04  0.7938E-06  0.1537E+03  0.000
    3.5149  1  1   73.5784   43.9185    0.0000    0.0000    1.8165    1.1888    1.0053    0.2998    6.2076    5.6589  0.1122E+03  0.4784E+03 -0.1648E-04  0.7936E-06  0.1537E+03  0.000
    3.5166  1  1   73.5514   43.9198    0.0000    0.0000    1.8178    1.1890    1.0084    0.3000    6.2075    5.6591  0.1118E+03  0.4795E+03 -0.1648E-04  0.7933E-06  0.1537E+03  0.000
    3.5199  1  1   73.4974   43.9224    0.0000    0.0000    1.8203    1.1895    1.0146    0.3003    6.2073    5.6594  0.1108E+03  0.4818E+03 -0.1647E-04  0.7926E-06  0.1536E+03  0.000
    3.5264  1  1   73.3894   43.9276    0.0000    0.0000    1.8255    1.1906    1.0272    0.3009    6.2070    5.6601  0.1090E+03  0.4861E+03 -0.1646E-04  0.7915E-06  0.1536E+03  0.000
    3.5395  1  1   73.1737   43.9380    0.0000    0.0000    1.8361    1.1926    1.0533    0.3021    6.2063    5.6615  0.1054E+03  0.4945E+03 -0.1643E-04  0.7901E-06  0.1536E+03  0.000
    3.5619  1  1   72.8079   43.9557    0.0000    0.0000    1.8510    1.1962    1.0919    0.3044    6.2070    5.6638  0.1002E+03  0.5074E+03 -0.1639E-04  0.7939E-06  0.1536E+03  0.000
    3.5840  1  1   72.4438   43.9742    0.0000    0.0000    1.7684    1.1998    0.9050    0.3069    6.2217    5.6662  0.1144E+03  0.5192E+03 -0.1643E-04  0.8343E-06  0.1533E+03  0.000
    3.5840  1  1   72.4438   43.9742    0.0000    0.0000    1.7684    1.1998    0.9050    0.3069    6.2217    5.6662  0.1144E+03  0.5192E+03 -0.1638E-04  0.7833E-06  0.1533E+03  0.000
    3.5892  1  1   72.3629   43.9770    0.0000    0.0000    1.7152    1.2007    0.8003    0.3073    6.2275    5.6667  0.1334E+03  0.5207E+03 -0.1570E-04  0.5560E-06  0.1534E+03  0.000
    3.5892  1  1   72.3629   43.9770    0.0000    0.0000    1.7151    1.2007    0.8003    0.3073    6.2275    5.6667  0.1334E+03  0.5207E+03 -0.1444E-04  0.2663E-06  0.1534E+03  0.000
    3.5892  2  1   72.3629   43.9770   31.1769    0.0000    1.6989    1.2007    0.7708    0.3073    6.2275    5.6667  0.2469E+03  0.5207E+03 -0.1444E-04  0.2662E-06  0.1534E+03  0.000
    3.5893  2  1   72.3518   43.9778   31.2081    0.0000    1.7808    1.2007    0.9308    0.3072    6.2281    5.6667  0.1812E+03  0.5214E+03 -0.6943E-04  0.4970E-05  0.1534E+03  0.000
    3.5894  2  1   72.3478   43.9782   31.2194    0.0000    1.8105    1.2007    0.9968    0.3072    6.2284    5.6667  0.1614E+03  0.5217E+03 -0.6972E-04  0.6186E-05  0.1534E+03  0.000
    3.5894  2  1   72.3475   43.9782   31.2201    0.0000    1.8122    1.2007    1.0008    0.3072    6.2284    5.6667  0.1603E+03  0.5217E+03  0.0000E+00  0.0000E+00  0.1534E+03  0.000
    3.5894  2  1   72.3475   43.9782   31.2202    0.0000    1.8124    1.2007    1.0011    0.3072    6.2284    5.6667  0.1606E+03  0.5217E+03 -0.6983E-04  0.6688E-05  0.1534E+03  0.000
    3.5894  2  1   72.3475   43.9782   31.2203    0.0000    1.8127    1.2007    1.0019    0.3072    6.2284    5.6667  0.1606E+03  0.5217E+03 -0.6983E-04  0.6688E-05  0.1534E+03  0.000
    3.5894  2  1   72.3474   43.9782   31.2205    0.0000    1.8134    1.2007    1.0034    0.3072    6.2284    5.6667  0.1607E+03  0.5217E+03 -0.6983E-04  0.6688E-05  0.1534E+03  0.000
    3.5894  2  1   72.3472   43.9782   31.2210    0.0000    1.8147    1.2007    1.0064    0.3072    6.2284    5.6667  0.1608E+03  0.5217E+03 -0.6983E-04  0.6688E-05  0.1534E+03  0.000
    3.5894  2  1   72.3469   43.9783   31.2220    0.0000    1.8173    1.2007    1.0125    0.3072    6.2284    5.6667  0.1611E+03  0.5218E+03 -0.6983E-04  0.6689E-05  0.1534E+03  0.000
    3.5894  2  1   72.3461   43.9783   31.2240    0.0000    1.8226    1.2007    1.0248    0.3072    6.2284    5.6667  0.1617E+03  0.5218E+03 -0.6984E-04  0.6690E-05  0.1534E+03  0.000
    3.5894  2  1   72.3447   43.9785   31.2280    0.0000    1.8330    1.2007    1.0499    0.3072    6.2285    5.6667  0.1627E+03  0.5219E+03 -0.6986E-04  0.6693E-05  0.1534E+03  0.000
    3.5895  2  1   72.3419   43.9787   31.2360    0.0000    1.8540    1.2007    1.1018    0.3072    6.2287    5.6667  0.1649E+03  0.5222E+03 -0.6990E-04  0.6701E-05  0.1534E+03  0.000
    3.5896  2  1   72.3362   43.9793   31.2520    0.0000    1.8960    1.2008    1.2135    0.3072    6.2290    5.6668  0.1689E+03  0.5227E+03 -0.7001E-04  0.6744E-05  0.1535E+03  0.000
    3.5897  2  1   72.3249   43.9804   31.2831    0.0000    1.9779    1.2008    1.4653    0.3072    6.2297    5.6668  0.1760E+03  0.5238E+03 -0.7043E-04  0.7031E-05  0.1535E+03  0.000
    3.5899  2  1   72.3133   43.9819   31.3143    0.0000    2.0598    1.2008    1.7695    0.3072    6.2303    5.6668  0.1821E+03  0.5252E+03 -0.7278E-04  0.9130E-05  0.1535E+03  0.000
    3.5900  2  1   72.3008   43.9842   31.3455    0.0000    2.1417    1.2009    2.1368    0.3072    6.2309    5.6669  0.1870E+03  0.5273E+03 -0.7860E-04  0.1469E-04  0.1535E+03  0.000
    3.5902  2  1   72.2865   43.9883   31.3767    0.0000    2.2236    1.2009    2.5804    0.3072    6.2316    5.6670  0.1909E+03  0.5310E+03 -0.8958E-04  0.2542E-04  0.1535E+03  0.000
    3.5904  2  1   72.2694   43.9951   31.4078    0.0000    2.3056    1.2009    3.1164    0.3071    6.2322    5.6671  0.1934E+03  0.5369E+03 -0.1074E-03  0.4302E-04  0.1535E+03  0.000
    3.5905  2  1   72.2481   44.0061   31.4390    0.0000    2.3875    1.2009    3.7639    0.3071    6.2328    5.6672  0.1943E+03  0.5464E+03 -0.1339E-03  0.6917E-04  0.1535E+03  0.000
    3.5907  2  1   72.2209   44.0230   31.4702    0.0000    2.4694    1.2008    4.5464    0.3070    6.2335    5.6675  0.1932E+03  0.5607E+03 -0.1705E-03  0.1056E-03  0.1535E+03  0.000
    3.5908  2  1   72.1860   44.0475   31.5014    0.0000    2.5514    1.2007    5.4926    0.3069    6.2341    5.6678  0.1898E+03  0.5814E+03 -0.2192E-03  0.1539E-03  0.1535E+03  0.000
    3.5910  2  1   72.1411   44.0819   31.5326    0.0000    2.6334    1.2006    6.6370    0.3068    6.2348    5.6683  0.1834E+03  0.6103E+03 -0.2815E-03  0.2159E-03  0.1534E+03  0.000
    3.5912  2  1   72.0839   44.1287   31.5637    0.0000    2.7154    1.2004    8.0221    0.3066    6.2354    5.6689  0.1738E+03  0.6493E+03 -0.3591E-03  0.2933E-03  0.1534E+03  0.000
    3.5913  2  1   72.0116   44.1904   31.5949    0.0000    2.7975    1.2001    9.7003    0.3064    6.2360    5.6697  0.1606E+03  0.7007E+03 -0.4539E-03  0.3877E-03  0.1533E+03  0.000
    3.5915  2  1   71.9212   44.2703   31.6261    0.0000    2.8796    1.1998   11.7359    0.3061    6.2367    5.6708  0.1438E+03  0.7668E+03 -0.5674E-03  0.5010E-03  0.1532E+03  0.000
    3.5916  2  1   71.8093   44.3714   31.6573    0.0000    2.9617    1.1993   14.2092    0.3059    6.2373    5.6721  0.1239E+03  0.8501E+03 -0.7017E-03  0.6349E-03  0.1530E+03  0.000
    3.5918  2  1   71.6726   44.4975   31.6884    0.0000    3.0440    1.1987   17.2206    0.3057    6.2379    5.6737  0.1018E+03  0.9535E+03 -0.8584E-03  0.7912E-03  0.1527E+03  0.000
    3.5920  2  1   71.5069   44.6524   31.7196    0.0000    3.1263    1.1980   20.8965    0.3056    6.2386    5.6757  0.7865E+02  0.1080E+04 -0.1040E-02  0.9721E-03  0.1523E+03  0.000
    3.5921  2  1   71.3081   44.8404   31.7508    0.0000    3.2088    1.1972   25.3972    0.3056    6.2392    5.6781  0.5638E+02  0.1232E+04 -0.1248E-02  0.1180E-02  0.1518E+03  0.000
    3.5923  2  1   71.0715   45.0660   31.7820    0.0000    3.2914    1.1963   30.9260    0.3059    6.2399    5.6810  0.3234E+02  0.1413E+04 -0.1484E-02  0.1416E-02  0.1510E+03  0.000
    3.5924  4  1   70.9064   45.2246   31.8004    0.0000    3.3403    1.1956   34.8761    0.3069    6.2402    5.6830  0.1486E+02  0.1540E+04 -0.1752E-02  0.1683E-02  0.1500E+03  0.000
    3.5925  4  1   70.5519   45.5720   31.8016    0.0000    3.3412    1.1943   35.5315    0.3093    6.2403    5.6875  0.3106E+02  0.1814E+04 -0.3438E-02  0.3369E-02  0.1480E+03  0.000
    3.5926  4  1   70.1991   45.9177   31.8028    0.0000    3.3421    1.1930   36.1404    0.3113    6.2403    5.6918  0.4312E+02  0.2081E+04 -0.3492E-02  0.3422E-02  0.1462E+03  0.000
    3.5927  4  1   69.8481   46.2618   31.8039    0.0000    3.3429    1.1918   36.6143    0.3121    6.2403    5.6962  0.5178E+02  0.2161E+04 -0.3541E-02  0.3471E-02  0.1449E+03  0.000
    3.5928  4  1   69.4989   46.6041   31.8050    0.0000    3.3438    1.1908   37.0263    0.3124    6.2403    5.7005  0.5796E+02  0.2178E+04 -0.3580E-02  0.3509E-02  0.1440E+03  0.000
    3.5929  4  1   69.1514   46.9448   31.8061    0.0000    3.3446    1.1898   37.4176    0.3126    6.2403    5.7047  0.6238E+02  0.2194E+04 -0.3613E-02  0.3542E-02  0.1431E+03  0.000
    3.5930  4  1   68.8056   47.2838   31.8072    0.0000    3.3455    1.1888   37.7933    0.3127    6.2404    5.7089  0.6553E+02  0.2210E+04 -0.3645E-02  0.3573E-02  0.1424E+03  0.000
    3.5931  4  1   68.4616   47.6211   31.8083    0.0000    3.3463    1.1880   38.1568    0.3127    6.2404    5.7131  0.6776E+02  0.2225E+04 -0.3675E-02  0.3603E-02  0.1417E+03  0.000
    3.5931  4  1   68.1193   47.9567   31.8094    0.0000    3.3472    1.1872   38.5107    0.3127    6.2404    5.7173  0.6931E+02  0.2239E+04 -0.3704E-02  0.3632E-02  0.1410E+03  0.000
    3.5932  4  1   67.7787   48.2907   31.8104    0.0000    3.3481    1.1864   38.8566    0.3127    6.2404    5.7214  0.7037E+02  0.2253E+04 -0.3732E-02  0.3660E-02  0.1404E+03  0.000
    3.5933  4  1   67.4398   48.6230   31.8115    0.0000    3.3489    1.1857   39.1958    0.3126    6.2404    5.7254  0.7108E+02  0.2267E+04 -0.3760E-02  0.3687E-02  0.1398E+03  0.000
    3.5934  4  1   67.1026   48.9537   31.8125    0.0000    3.3497    1.1851   39.5291    0.3125    6.2405    5.7295  0.7152E+02  0.2280E+04 -0.3787E-02  0.3713E-02  0.1392E+03  0.000
    3.5935  4  1   66.7671   49.2827   31.8135    0.0000    3.3506    1.1845   39.8571    0.3124    6.2405    5.7335  0.7177E+02  0.2292E+04 -0.3813E-02  0.3739E-02  0.1387E+03  0.000
    3.5936  4  1   66.4333   49.6101   31.8145    0.0000    3.3514    1.1840   40.1802    0.3122    6.2405    5.7374  0.7186E+02  0.2305E+04 -0.3839E-02  0.3765E-02  0.1382E+03  0.000
    3.5937  4  1   66.1011   49.9359   31.8155    0.0000    3.3523    1.1835   40.4987    0.3121    6.2405    5.7414  0.7184E+02  0.2317E+04 -0.3864E-02  0.3790E-02  0.1377E+03  0.000
    3.5938  4  1   65.7706   50.2600   31.8165    0.0000    3.3531    1.1831   40.8128    0.3120    6.2405    5.7452  0.7174E+02  0.2328E+04 -0.3889E-02  0.3814E-02  0.1373E+03  0.000
    3.5938  4  1   65.4417   50.5825   31.8175    0.0000    3.3539    1.1826   41.1225    0.3118    6.2406    5.7491  0.7156E+02  0.2339E+04 -0.3914E-02  0.3839E-02  0.1369E+03  0.000
    3.5939  4  1   65.1145   50.9034   31.8185    0.0000    3.3548    1.1823   41.4281    0.3116    6.2406    5.7529  0.7133E+02  0.2350E+04 -0.3938E-02  0.3862E-02  0.1365E+03  0.000
    3.5940  4  1   64.7890   51.2228   31.8194    0.0000    3.3556    1.1819   41.7295    0.3114    6.2406    5.7567  0.7105E+02  0.2361E+04 -0.3962E-02  0.3886E-02  0.1361E+03  0.000
    3.5941  4  1   64.4650   51.5405   31.8203    0.0000    3.3564    1.1816   42.0267    0.3112    6.2406    5.7604  0.7072E+02  0.2371E+04 -0.3985E-02  0.3909E-02  0.1357E+03  0.000
    3.5942  4  1   64.1427   51.8566   31.8213    0.0000    3.3573    1.1814   42.3198    0.3110    6.2406    5.7641  0.7037E+02  0.2381E+04 -0.4008E-02  0.3931E-02  0.1353E+03  0.000
    3.5942  4  1   63.8220   52.1712   31.8222    0.0000    3.3581    1.1811   42.6089    0.3108    6.2406    5.7678  0.6997E+02  0.2390E+04 -0.4031E-02  0.3953E-02  0.1350E+03  0.000
    3.5943  4  1   63.5029   52.4842   31.8231    0.0000    3.3589    1.1809   42.8938    0.3106    6.2407    5.7715  0.6956E+02  0.2400E+04 -0.4053E-02  0.3975E-02  0.1347E+03  0.000
    3.5944  4  1   63.1854   52.7956   31.8240    0.0000    3.3597    1.1807   43.1746    0.3103    6.2407    5.7751  0.6911E+02  0.2409E+04 -0.4075E-02  0.3997E-02  0.1344E+03  0.000
    3.5945  4  1   62.8694   53.1055   31.8249    0.0000    3.3606    1.1805   43.4514    0.3101    6.2407    5.7786  0.6864E+02  0.2417E+04 -0.4096E-02  0.4018E-02  0.1341E+03  0.000
    3.5946  4  1   62.5551   53.4138   31.8258    0.0000    3.3614    1.1804   43.7240    0.3098    6.2407    5.7822  0.6814E+02  0.2426E+04 -0.4117E-02  0.4039E-02  0.1339E+03  0.000
    3.5946  4  1   62.2423   53.7206   31.8266    0.0000    3.3622    1.1803   43.9925    0.3095    6.2407    5.7857  0.6762E+02  0.2434E+04 -0.4138E-02  0.4059E-02  0.1336E+03  0.000
    3.5947  4  1   61.9311   54.0259   31.8275    0.0000    3.3630    1.1802   44.2569    0.3092    6.2407    5.7892  0.6708E+02  0.2442E+04 -0.4159E-02  0.4079E-02  0.1334E+03  0.000
    3.5948  4  1   61.6214   54.3296   31.8284    0.0000    3.3638    1.1801   44.5171    0.3089    6.2408    5.7926  0.6652E+02  0.2450E+04 -0.4179E-02  0.4099E-02  0.1332E+03  0.000
    3.5949  4  1   61.3133   54.6318   31.8292    0.0000    3.3646    1.1800   44.7732    0.3086    6.2408    5.7960  0.6594E+02  0.2458E+04 -0.4198E-02  0.4118E-02  0.1330E+03  0.000
    3.5949  4  1   61.0068   54.9325   31.8301    0.0000    3.3654    1.1800   45.0252    0.3082    6.2408    5.7994  0.6534E+02  0.2465E+04 -0.4218E-02  0.4137E-02  0.1328E+03  0.000
    3.5950  4  1   60.7017   55.2317   31.8309    0.0000    3.3662    1.1800   45.2730    0.3078    6.2408    5.8027  0.6473E+02  0.2473E+04 -0.4237E-02  0.4156E-02  0.1326E+03  0.000
    3.5951  4  1   60.3982   55.5294   31.8317    0.0000    3.3670    1.1800   45.5166    0.3075    6.2408    5.8061  0.6409E+02  0.2480E+04 -0.4255E-02  0.4174E-02  0.1324E+03  0.000
    3.5951  4  1   60.0962   55.8257   31.8325    0.0000    3.3678    1.1800   45.7561    0.3071    6.2408    5.8093  0.6344E+02  0.2487E+04 -0.4274E-02  0.4192E-02  0.1323E+03  0.000
    3.5952  4  1   59.7958   56.1204   31.8333    0.0000    3.3686    1.1800   45.9914    0.3067    6.2408    5.8126  0.6277E+02  0.2493E+04 -0.4292E-02  0.4210E-02  0.1322E+03  0.000
    3.5953  4  1   59.4968   56.4136   31.8341    0.0000    3.3694    1.1800   46.2225    0.3062    6.2409    5.8158  0.6209E+02  0.2500E+04 -0.4309E-02  0.4227E-02  0.1321E+03  0.000
    3.5954  4  1   59.1993   56.7054   31.8349    0.0000    3.3702    1.1801   46.4495    0.3058    6.2409    5.8190  0.6139E+02  0.2506E+04 -0.4327E-02  0.4244E-02  0.1319E+03  0.000
    3.5954  4  1   58.9033   56.9958   31.8357    0.0000    3.3710    1.1801   46.6723    0.3053    6.2409    5.8222  0.6068E+02  0.2512E+04 -0.4344E-02  0.4260E-02  0.1319E+03  0.000
    3.5955  4  1   58.6088   57.2846   31.8365    0.0000    3.3718    1.1802   46.8910    0.3048    6.2409    5.8253  0.5995E+02  0.2518E+04 -0.4360E-02  0.4277E-02  0.1318E+03  0.000
    3.5956  4  1   58.3157   57.5721   31.8373    0.0000    3.3725    1.1803   47.1054    0.3044    6.2409    5.8285  0.5921E+02  0.2524E+04 -0.4376E-02  0.4293E-02  0.1317E+03  0.000
    3.5956  4  1   58.0242   57.8581   31.8380    0.0000    3.3733    1.1804   47.3157    0.3038    6.2409    5.8315  0.5846E+02  0.2530E+04 -0.4392E-02  0.4308E-02  0.1317E+03  0.000
    3.5957  4  1   57.7340   58.1426   31.8388    0.0000    3.3741    1.1805   47.5218    0.3033    6.2409    5.8346  0.5770E+02  0.2535E+04 -0.4408E-02  0.4324E-02  0.1316E+03  0.000
    3.5958  4  1   57.4454   58.4257   31.8396    0.0000    3.3749    1.1806   47.7237    0.3028    6.2410    5.8376  0.5693E+02  0.2541E+04 -0.4423E-02  0.4339E-02  0.1316E+03  0.000
    3.5958  4  1   57.1581   58.7074   31.8403    0.0000    3.3756    1.1807   47.9215    0.3022    6.2410    5.8406  0.5614E+02  0.2546E+04 -0.4438E-02  0.4353E-02  0.1316E+03  0.000
    3.5959  4  1   56.8723   58.9877   31.8411    0.0000    3.3764    1.1809   48.1151    0.3017    6.2410    5.8436  0.5535E+02  0.2551E+04 -0.4453E-02  0.4368E-02  0.1316E+03  0.000
    3.5959  4  1   56.5880   59.2666   31.8418    0.0000    3.3771    1.1810   48.3045    0.3011    6.2410    5.8465  0.5455E+02  0.2556E+04 -0.4468E-02  0.4382E-02  0.1316E+03  0.000
    3.5960  4  1   56.3050   59.5441   31.8425    0.0000    3.3779    1.1812   48.4898    0.3005    6.2410    5.8495  0.5374E+02  0.2561E+04 -0.4482E-02  0.4395E-02  0.1316E+03  0.000
    3.5961  4  1   56.0235   59.8202   31.8432    0.0000    3.3787    1.1813   48.6709    0.2999    6.2410    5.8524  0.5292E+02  0.2566E+04 -0.4495E-02  0.4409E-02  0.1316E+03  0.000
    3.5961  4  1   55.7434   60.0949   31.8440    0.0000    3.3794    1.1815   48.8479    0.2992    6.2410    5.8552  0.5209E+02  0.2571E+04 -0.4509E-02  0.4422E-02  0.1317E+03  0.000
    3.5962  4  1   55.4647   60.3683   31.8447    0.0000    3.3802    1.1816   49.0207    0.2986    6.2411    5.8581  0.5126E+02  0.2575E+04 -0.4522E-02  0.4435E-02  0.1317E+03  0.000
    3.5963  4  1   55.1874   60.6402   31.8454    0.0000    3.3809    1.1818   49.1894    0.2979    6.2411    5.8609  0.5043E+02  0.2580E+04 -0.4535E-02  0.4447E-02  0.1318E+03  0.000
    3.5963  4  1   54.9114   60.9108   31.8461    0.0000    3.3816    1.1820   49.3540    0.2972    6.2411    5.8637  0.4959E+02  0.2584E+04 -0.4547E-02  0.4459E-02  0.1319E+03  0.000
    3.5964  4  1   54.6369   61.1801   31.8468    0.0000    3.3824    1.1822   49.5144    0.2966    6.2411    5.8664  0.4874E+02  0.2588E+04 -0.4560E-02  0.4471E-02  0.1320E+03  0.000
    3.5964  4  1   54.3637   61.4480   31.8475    0.0000    3.3831    1.1824   49.6707    0.2959    6.2411    5.8692  0.4789E+02  0.2592E+04 -0.4571E-02  0.4483E-02  0.1320E+03  0.000
    3.5965  4  1   54.0919   61.7145   31.8482    0.0000    3.3838    1.1826   49.8229    0.2951    6.2411    5.8719  0.4704E+02  0.2597E+04 -0.4583E-02  0.4494E-02  0.1322E+03  0.000
    3.5966  4  1   53.8214   61.9797   31.8488    0.0000    3.3846    1.1828   49.9709    0.2944    6.2411    5.8746  0.4619E+02  0.2600E+04 -0.4594E-02  0.4505E-02  0.1323E+03  0.000
    3.5966  4  1   53.5523   62.2436   31.8495    0.0000    3.3853    1.1830   50.1149    0.2937    6.2411    5.8773  0.4533E+02  0.2604E+04 -0.4605E-02  0.4516E-02  0.1324E+03  0.000
    3.5967  4  1   53.2845   62.5062   31.8502    0.0000    3.3860    1.1832   50.2548    0.2929    6.2412    5.8799  0.4447E+02  0.2608E+04 -0.4616E-02  0.4526E-02  0.1325E+03  0.000
    3.5967  4  1   53.0181   62.7674   31.8508    0.0000    3.3867    1.1834   50.3906    0.2921    6.2412    5.8826  0.4362E+02  0.2612E+04 -0.4627E-02  0.4536E-02  0.1327E+03  0.000
    3.5968  4  1   52.7530   63.0273   31.8515    0.0000    3.3874    1.1837   50.5223    0.2914    6.2412    5.8852  0.4276E+02  0.2615E+04 -0.4637E-02  0.4546E-02  0.1328E+03  0.000
    3.5968  4  1   52.4893   63.2859   31.8522    0.0000    3.3881    1.1839   50.6500    0.2906    6.2412    5.8877  0.4190E+02  0.2619E+04 -0.4647E-02  0.4556E-02  0.1330E+03  0.000
    3.5969  4  1   52.2268   63.5432   31.8528    0.0000    3.3888    1.1841   50.7736    0.2897    6.2412    5.8903  0.4105E+02  0.2622E+04 -0.4656E-02  0.4565E-02  0.1332E+03  0.000
    3.5970  4  1   51.9657   63.7993   31.8535    0.0000    3.3895    1.1844   50.8931    0.2889    6.2412    5.8928  0.4020E+02  0.2626E+04 -0.4666E-02  0.4574E-02  0.1334E+03  0.000
    3.5970  4  1   51.7059   64.0540   31.8541    0.0000    3.3902    1.1846   51.0086    0.2881    6.2412    5.8954  0.3935E+02  0.2629E+04 -0.4675E-02  0.4583E-02  0.1335E+03  0.000
    3.5971  4  1   51.4473   64.3075   31.8547    0.0000    3.3909    1.1848   51.1201    0.2873    6.2412    5.8979  0.3850E+02  0.2632E+04 -0.4683E-02  0.4591E-02  0.1337E+03  0.000
    3.5971  4  1   51.1901   64.5596   31.8554    0.0000    3.3916    1.1851   51.2275    0.2864    6.2413    5.9003  0.3766E+02  0.2635E+04 -0.4692E-02  0.4600E-02  0.1340E+03  0.000
    3.5972  4  1   50.9341   64.8106   31.8560    0.0000    3.3923    1.1853   51.3310    0.2855    6.2413    5.9028  0.3682E+02  0.2638E+04 -0.4700E-02  0.4608E-02  0.1342E+03  0.000
    3.5972  4  1   50.6795   65.0602   31.8566    0.0000    3.3929    1.1856   51.4304    0.2846    6.2413    5.9052  0.3598E+02  0.2641E+04 -0.4708E-02  0.4615E-02  0.1344E+03  0.000
    3.5973  4  1   50.4261   65.3086   31.8573    0.0000    3.3936    1.1858   51.5258    0.2838    6.2413    5.9076  0.3515E+02  0.2644E+04 -0.4715E-02  0.4622E-02  0.1347E+03  0.000
    3.5973  4  1   50.1739   65.5558   31.8579    0.0000    3.3943    1.1861   51.6173    0.2829    6.2413    5.9100  0.3433E+02  0.2647E+04 -0.4723E-02  0.4630E-02  0.1349E+03  0.000
    3.5974  4  1   49.9231   65.8017   31.8585    0.0000    3.3949    1.1864   51.7047    0.2819    6.2413    5.9124  0.3351E+02  0.2650E+04 -0.4730E-02  0.4636E-02  0.1352E+03  0.000
    3.5974  4  1   49.6735   66.0463   31.8591    0.0000    3.3956    1.1866   51.7882    0.2810    6.2413    5.9147  0.3270E+02  0.2653E+04 -0.4737E-02  0.4643E-02  0.1354E+03  0.000
    3.5975  4  1   49.4251   66.2898   31.8597    0.0000    3.3962    1.1869   51.8677    0.2801    6.2413    5.9171  0.3189E+02  0.2655E+04 -0.4743E-02  0.4649E-02  0.1357E+03  0.000
    3.5975  4  1   49.1780   66.5320   31.8603    0.0000    3.3969    1.1871   51.9433    0.2792    6.2413    5.9194  0.3110E+02  0.2658E+04 -0.4750E-02  0.4655E-02  0.1360E+03  0.000
    3.5976  4  1   48.9321   66.7730   31.8609    0.0000    3.3975    1.1874   52.0149    0.2782    6.2414    5.9217  0.3031E+02  0.2660E+04 -0.4756E-02  0.4661E-02  0.1363E+03  0.000
    3.5976  4  1   48.6874   67.0128   31.8615    0.0000    3.3981    1.1877   52.0826    0.2772    6.2414    5.9239  0.2953E+02  0.2663E+04 -0.4761E-02  0.4667E-02  0.1366E+03  0.000
    3.5977  4  1   48.4440   67.2514   31.8621    0.0000    3.3988    1.1879   52.1463    0.2763    6.2414    5.9262  0.2875E+02  0.2665E+04 -0.4767E-02  0.4672E-02  0.1369E+03  0.000
    3.5978  4  1   48.2018   67.4888   31.8627    0.0000    3.3994    1.1882   52.2062    0.2753    6.2414    5.9284  0.2799E+02  0.2668E+04 -0.4772E-02  0.4677E-02  0.1372E+03  0.000
    3.5978  4  1   47.9607   67.7249   31.8633    0.0000    3.4000    1.1885   52.2621    0.2743    6.2414    5.9307  0.2723E+02  0.2670E+04 -0.4777E-02  0.4681E-02  0.1375E+03  0.000
    3.5979  4  1   47.7209   67.9599   31.8638    0.0000    3.4006    1.1888   52.3141    0.2733    6.2414    5.9329  0.2649E+02  0.2672E+04 -0.4782E-02  0.4686E-02  0.1379E+03  0.000
    3.5979  4  1   47.4823   68.1938   31.8644    0.0000    3.4012    1.1890   52.3622    0.2723    6.2414    5.9350  0.2575E+02  0.2674E+04 -0.4786E-02  0.4690E-02  0.1382E+03  0.000
    3.5980  4  1   47.2449   68.4264   31.8650    0.0000    3.4018    1.1893   52.4064    0.2713    6.2414    5.9372  0.2503E+02  0.2677E+04 -0.4790E-02  0.4694E-02  0.1386E+03  0.000
    3.5980  4  1   47.0087   68.6579   31.8656    0.0000    3.4024    1.1896   52.4467    0.2703    6.2414    5.9393  0.2431E+02  0.2679E+04 -0.4794E-02  0.4698E-02  0.1389E+03  0.000
    3.5981  4  1   46.7737   68.8882   31.8661    0.0000    3.4030    1.1899   52.4831    0.2693    6.2415    5.9415  0.2361E+02  0.2681E+04 -0.4798E-02  0.4701E-02  0.1393E+03  0.000
    3.5981  4  1   46.5398   69.1173   31.8667    0.0000    3.4035    1.1901   52.5157    0.2682    6.2415    5.9436  0.2292E+02  0.2683E+04 -0.4801E-02  0.4704E-02  0.1397E+03  0.000
    3.5981  4  1   46.3071   69.3453   31.8672    0.0000    3.4041    1.1904   52.5443    0.2672    6.2415    5.9457  0.2223E+02  0.2685E+04 -0.4804E-02  0.4707E-02  0.1401E+03  0.000
    3.5982  4  1   46.0756   69.5722   31.8678    0.0000    3.4046    1.1907   52.5691    0.2661    6.2415    5.9478  0.2156E+02  0.2687E+04 -0.4807E-02  0.4710E-02  0.1405E+03  0.000
    3.5982  4  1   45.8452   69.7979   31.8683    0.0000    3.4052    1.1910   52.5900    0.2651    6.2415    5.9498  0.2090E+02  0.2689E+04 -0.4810E-02  0.4712E-02  0.1409E+03  0.000
    3.5983  4  1   45.6159   70.0225   31.8689    0.0000    3.4057    1.1913   52.6071    0.2640    6.2415    5.9519  0.2025E+02  0.2690E+04 -0.4812E-02  0.4715E-02  0.1413E+03  0.000
    3.5983  4  1   45.3879   70.2459   31.8694    0.0000    3.4063    1.1915   52.6203    0.2629    6.2415    5.9539  0.1962E+02  0.2692E+04 -0.4814E-02  0.4717E-02  0.1417E+03  0.000
    3.5984  4  1   45.1609   70.4682   31.8700    0.0000    3.4068    1.1918   52.6296    0.2619    6.2415    5.9559  0.1899E+02  0.2694E+04 -0.4816E-02  0.4718E-02  0.1421E+03  0.000
    3.5984  4  1   44.9351   70.6894   31.8705    0.0000    3.4073    1.1921   52.6350    0.2608    6.2415    5.9579  0.1838E+02  0.2696E+04 -0.4818E-02  0.4720E-02  0.1426E+03  0.000
    3.5985  4  1   44.7104   70.9095   31.8711    0.0000    3.4078    1.1924   52.6366    0.2597    6.2416    5.9599  0.1778E+02  0.2697E+04 -0.4819E-02  0.4721E-02  0.1430E+03  0.000
    3.5985  4  1   44.4869   71.1285   31.8716    0.0000    3.4083    1.1927   52.6343    0.2586    6.2416    5.9618  0.1719E+02  0.2699E+04 -0.4820E-02  0.4722E-02  0.1435E+03  0.000
    3.5986  4  1   44.2645   71.3464   31.8721    0.0000    3.4088    1.1930   52.6281    0.2575    6.2416    5.9638  0.1661E+02  0.2701E+04 -0.4821E-02  0.4722E-02  0.1439E+03  0.000
    3.5986  4  1   44.0431   71.5632   31.8727    0.0000    3.4093    1.1932   52.6181    0.2564    6.2416    5.9657  0.1604E+02  0.2702E+04 -0.4822E-02  0.4723E-02  0.1444E+03  0.000
    3.5987  4  1   43.8229   71.7788   31.8732    0.0000    3.4097    1.1935   52.6041    0.2553    6.2416    5.9677  0.1549E+02  0.2704E+04 -0.4822E-02  0.4723E-02  0.1449E+03  0.000
    3.5987  4  1   43.6038   71.9935   31.8737    0.0000    3.4102    1.1938   52.5863    0.2542    6.2416    5.9696  0.1495E+02  0.2705E+04 -0.4822E-02  0.4723E-02  0.1453E+03  0.000
    3.5988  4  1   43.3858   72.2070   31.8742    0.0000    3.4106    1.1941   52.5646    0.2530    6.2416    5.9714  0.1442E+02  0.2707E+04 -0.4822E-02  0.4723E-02  0.1458E+03  0.000
    3.5988  4  1   43.1689   72.4194   31.8748    0.0000    3.4111    1.1944   52.5389    0.2519    6.2416    5.9733  0.1391E+02  0.2708E+04 -0.4822E-02  0.4722E-02  0.1463E+03  0.000
    3.5988  4  1   42.9530   72.6308   31.8753    0.0000    3.4115    1.1947   52.5094    0.2508    6.2416    5.9752  0.1340E+02  0.2710E+04 -0.4821E-02  0.4721E-02  0.1469E+03  0.000
    3.5989  4  1   42.7383   72.8411   31.8758    0.0000    3.4119    1.1949   52.4759    0.2497    6.2416    5.9770  0.1291E+02  0.2711E+04 -0.4820E-02  0.4720E-02  0.1474E+03  0.000
    3.5989  4  1   42.5246   73.0504   31.8763    0.0000    3.4123    1.1952   52.4384    0.2485    6.2416    5.9789  0.1243E+02  0.2713E+04 -0.4819E-02  0.4719E-02  0.1479E+03  0.000
    3.5990  4  1   42.3119   73.2586   31.8768    0.0000    3.4127    1.1955   52.3970    0.2474    6.2417    5.9807  0.1196E+02  0.2714E+04 -0.4817E-02  0.4717E-02  0.1484E+03  0.000
    3.5990  4  1   42.1004   73.4657   31.8773    0.0000    3.4130    1.1958   52.3516    0.2462    6.2417    5.9825  0.1151E+02  0.2715E+04 -0.4816E-02  0.4715E-02  0.1490E+03  0.000
    3.5991  4  1   41.8899   73.6719   31.8778    0.0000    3.4134    1.1961   52.3021    0.2451    6.2417    5.9843  0.1106E+02  0.2716E+04 -0.4814E-02  0.4713E-02  0.1495E+03  0.000
    3.5991  4  1   41.6804   73.8769   31.8783    0.0000    3.4137    1.1964   52.2486    0.2439    6.2417    5.9860  0.1063E+02  0.2718E+04 -0.4811E-02  0.4711E-02  0.1501E+03  0.000
    3.5992  4  1   41.4720   74.0810   31.8788    0.0000    3.4141    1.1966   52.1911    0.2428    6.2417    5.9878  0.1021E+02  0.2719E+04 -0.4809E-02  0.4708E-02  0.1507E+03  0.000
    3.5992  4  1   41.2647   74.2840   31.8793    0.0000    3.4144    1.1969   52.1295    0.2416    6.2417    5.9896  0.9803E+01  0.2720E+04 -0.4806E-02  0.4705E-02  0.1512E+03  0.000
    3.5992  4  1   41.0583   74.4860   31.8798    0.0000    3.4147    1.1972   52.0637    0.2405    6.2417    5.9913  0.9406E+01  0.2721E+04 -0.4803E-02  0.4702E-02  0.1518E+03  0.000
    3.5993  4  1   40.8531   74.6870   31.8803    0.0000    3.4150    1.1975   51.9938    0.2393    6.2417    5.9930  0.9020E+01  0.2722E+04 -0.4799E-02  0.4699E-02  0.1524E+03  0.000
    3.5993  4  1   40.6488   74.8870   31.8808    0.0000    3.4152    1.1978   51.9196    0.2381    6.2417    5.9947  0.8645E+01  0.2724E+04 -0.4796E-02  0.4695E-02  0.1530E+03  0.000
    3.5994  4  1   40.4455   75.0859   31.8813    0.0000    3.4155    1.1980   51.8413    0.2370    6.2417    5.9964  0.8281E+01  0.2725E+04 -0.4792E-02  0.4691E-02  0.1536E+03  0.000
    3.5994  4  1   40.2433   75.2839   31.8818    0.0000    3.4157    1.1983   51.7586    0.2358    6.2418    5.9981  0.7927E+01  0.2726E+04 -0.4788E-02  0.4687E-02  0.1542E+03  0.000
    3.5994  4  1   40.0421   75.4808   31.8823    0.0000    3.4159    1.1986   51.6715    0.2346    6.2418    5.9998  0.7585E+01  0.2727E+04 -0.4783E-02  0.4682E-02  0.1549E+03  0.000
    3.5995  4  1   39.8419   75.6768   31.8828    0.0000    3.4161    1.1989   51.5800    0.2335    6.2418    6.0014  0.7253E+01  0.2728E+04 -0.4778E-02  0.4677E-02  0.1555E+03  0.000
    3.5995  4  1   39.6427   75.8718   31.8833    0.0000    3.4162    1.1992   51.4841    0.2323    6.2418    6.0031  0.6931E+01  0.2729E+04 -0.4773E-02  0.4672E-02  0.1562E+03  0.000
    3.5996  4  1   39.4445   76.0658   31.8837    0.0000    3.4164    1.1994   51.3835    0.2311    6.2418    6.0047  0.6620E+01  0.2730E+04 -0.4768E-02  0.4667E-02  0.1568E+03  0.000
    3.5996  4  1   39.2472   76.2588   31.8842    0.0000    3.4165    1.1997   51.2784    0.2299    6.2418    6.0063  0.6318E+01  0.2731E+04 -0.4762E-02  0.4661E-02  0.1575E+03  0.000
    3.5997  4  1   39.0510   76.4509   31.8847    0.0000    3.4166    1.2000   51.1685    0.2288    6.2418    6.0079  0.6027E+01  0.2732E+04 -0.4756E-02  0.4655E-02  0.1581E+03  0.000
    3.5997  4  1   38.8558   76.6420   31.8852    0.0000    3.4167    1.2003   51.0538    0.2276    6.2418    6.0095  0.5745E+01  0.2732E+04 -0.4750E-02  0.4649E-02  0.1588E+03  0.000
    3.5997  4  1   38.6615   76.8321   31.8856    0.0000    3.4167    1.2005   50.9341    0.2264    6.2418    6.0111  0.5472E+01  0.2733E+04 -0.4743E-02  0.4642E-02  0.1595E+03  0.000
    3.5998  4  1   38.4682   77.0213   31.8861    0.0000    3.4167    1.2008   50.8094    0.2252    6.2418    6.0127  0.5209E+01  0.2734E+04 -0.4736E-02  0.4635E-02  0.1602E+03  0.000
    3.5998  4  1   38.2758   77.2095   31.8866    0.0000    3.4167    1.2011   50.6796    0.2240    6.2418    6.0143  0.4954E+01  0.2735E+04 -0.4729E-02  0.4628E-02  0.1609E+03  0.000
    3.5999  4  1   38.0844   77.3968   31.8871    0.0000    3.4166    1.2014   50.5444    0.2229    6.2418    6.0158  0.4709E+01  0.2736E+04 -0.4721E-02  0.4620E-02  0.1616E+03  0.000
    3.5999  4  1   37.8940   77.5831   31.8875    0.0000    3.4165    1.2016   50.4038    0.2217    6.2419    6.0174  0.4472E+01  0.2737E+04 -0.4713E-02  0.4612E-02  0.1623E+03  0.000
    3.5999  4  1   37.7046   77.7685   31.8880    0.0000    3.4164    1.2019   50.2575    0.2205    6.2419    6.0189  0.4244E+01  0.2738E+04 -0.4705E-02  0.4603E-02  0.1631E+03  0.000
    3.6000  4  1   37.5160   77.9529   31.8884    0.0000    3.4162    1.2022   50.1053    0.2193    6.2419    6.0204  0.4024E+01  0.2738E+04 -0.4696E-02  0.4594E-02  0.1638E+03  0.000
    3.6000  4  1   37.3284   78.1365   31.8889    0.0000    3.4160    1.2025   49.9471    0.2181    6.2419    6.0219  0.3812E+01  0.2739E+04 -0.4686E-02  0.4585E-02  0.1646E+03  0.000
    3.6001  4  1   37.1418   78.3191   31.8894    0.0000    3.4158    1.2027   49.7827    0.2169    6.2419    6.0234  0.3608E+01  0.2740E+04 -0.4677E-02  0.4575E-02  0.1653E+03  0.000
    3.6001  4  1   36.9561   78.5007   31.8898    0.0000    3.4155    1.2030   49.6116    0.2158    6.2419    6.0249  0.3412E+01  0.2741E+04 -0.4667E-02  0.4565E-02  0.1661E+03  0.000
    3.6001  4  1   36.7713   78.6815   31.8903    0.0000    3.4151    1.2033   49.4337    0.2146    6.2419    6.0264  0.3223E+01  0.2741E+04 -0.4656E-02  0.4555E-02  0.1668E+03  0.000
    3.6002  4  1   36.5875   78.8614   31.8907    0.0000    3.4147    1.2035   49.2487    0.2134    6.2419    6.0278  0.3042E+01  0.2742E+04 -0.4645E-02  0.4544E-02  0.1676E+03  0.000
    3.6002  4  1   36.4045   79.0403   31.8912    0.0000    3.4143    1.2038   49.0560    0.2122    6.2419    6.0293  0.2867E+01  0.2743E+04 -0.4633E-02  0.4532E-02  0.1684E+03  0.000
    3.6003  4  1   36.2225   79.2183   31.8917    0.0000    3.4138    1.2041   48.8553    0.2110    6.2419    6.0307  0.2700E+01  0.2743E+04 -0.4621E-02  0.4520E-02  0.1692E+03  0.000
    3.6003  4  1   36.0414   79.3955   31.8921    0.0000    3.4132    1.2043   48.6462    0.2099    6.2419    6.0322  0.2539E+01  0.2744E+04 -0.4608E-02  0.4507E-02  0.1700E+03  0.000
    3.6003  4  1   35.8612   79.5717   31.8926    0.0000    3.4125    1.2046   48.4280    0.2087    6.2420    6.0336  0.2385E+01  0.2745E+04 -0.4595E-02  0.4494E-02  0.1708E+03  0.000
    3.6004  4  1   35.6819   79.7471   31.8930    0.0000    3.4118    1.2048   48.2001    0.2075    6.2420    6.0350  0.2237E+01  0.2745E+04 -0.4581E-02  0.4480E-02  0.1717E+03  0.000
    3.6004  4  1   35.5035   79.9216   31.8935    0.0000    3.4109    1.2051   47.9616    0.2063    6.2420    6.0364  0.2095E+01  0.2746E+04 -0.4566E-02  0.4466E-02  0.1725E+03  0.000
    3.6005  4  1   35.3260   80.0952   31.8939    0.0000    3.4100    1.2054   47.7119    0.2052    6.2420    6.0378  0.1960E+01  0.2746E+04 -0.4551E-02  0.4450E-02  0.1734E+03  0.000
    3.6005  4  1   35.1493   80.2679   31.8944    0.0000    3.4089    1.2056   47.4497    0.2040    6.2420    6.0392  0.1830E+01  0.2747E+04 -0.4535E-02  0.4434E-02  0.1742E+03  0.000
    3.6005  4  1   34.9736   80.4397   31.8948    0.0000    3.4077    1.2059   47.1738    0.2028    6.2420    6.0406  0.1706E+01  0.2747E+04 -0.4517E-02  0.4417E-02  0.1751E+03  0.000
    3.6006  4  1   34.7987   80.6107   31.8953    0.0000    3.4064    1.2062   46.8827    0.2017    6.2420    6.0419  0.1587E+01  0.2748E+04 -0.4499E-02  0.4399E-02  0.1759E+03  0.000
    3.6006  4  1   34.6247   80.7808   31.8957    0.0000    3.4049    1.2064   46.5744    0.2005    6.2420    6.0433  0.1474E+01  0.2749E+04 -0.4480E-02  0.4380E-02  0.1768E+03  0.000
    3.6006  4  1   34.4516   80.9501   31.8962    0.0000    3.4032    1.2067   46.2466    0.1993    6.2420    6.0446  0.1366E+01  0.2749E+04 -0.4459E-02  0.4359E-02  0.1777E+03  0.000
    3.6007  4  1   34.2793   81.1184   31.8966    0.0000    3.4013    1.2069   45.8962    0.1982    6.2420    6.0459  0.1263E+01  0.2750E+04 -0.4437E-02  0.4337E-02  0.1786E+03  0.000
    3.6007  4  1   34.1079   81.2860   31.8971    0.0000    3.3992    1.2072   45.5192    0.1970    6.2420    6.0473  0.1164E+01  0.2750E+04 -0.4413E-02  0.4314E-02  0.1795E+03  0.000
    3.6008  4  1   33.9374   81.4526   31.8975    0.0000    3.3967    1.2074   45.1102    0.1958    6.2420    6.0486  0.1071E+01  0.2751E+04 -0.4387E-02  0.4288E-02  0.1804E+03  0.000
    3.6008  4  1   33.7677   81.6185   31.8980    0.0000    3.3938    1.2077   44.6615    0.1947    6.2420    6.0499  0.9819E+00  0.2751E+04 -0.4359E-02  0.4260E-02  0.1814E+03  0.000
    3.6008  4  1   33.5989   81.7834   31.8984    0.0000    3.3903    1.2079   44.1621    0.1935    6.2421    6.0512  0.8974E+00  0.2751E+04 -0.4328E-02  0.4229E-02  0.1823E+03  0.000
    3.6009  4  1   33.4309   81.9476   31.8989    0.0000    3.3862    1.2082   43.5951    0.1924    6.2421    6.0525  0.8172E+00  0.2752E+04 -0.4293E-02  0.4194E-02  0.1832E+03  0.000
    3.6009  4  1   33.2637   82.1108   31.8993    0.0000    3.3810    1.2084   42.9330    0.1912    6.2421    6.0538  0.7413E+00  0.2752E+04 -0.4253E-02  0.4154E-02  0.1842E+03  0.000
    3.6010  4  1   33.0974   82.2733   31.8998    0.0000    3.3743    1.2087   42.1282    0.1901    6.2421    6.0550  0.6695E+00  0.2753E+04 -0.4205E-02  0.4107E-02  0.1852E+03  0.000
    3.6010  4  1   32.9319   82.4348   31.9002    0.0000    3.3649    1.2089   41.0904    0.1890    6.2421    6.0563  0.6017E+00  0.2753E+04 -0.4146E-02  0.4048E-02  0.1861E+03  0.000
    3.6010  4  1   32.7673   82.5955   31.9007    0.0000    3.3507    1.2092   39.6305    0.1878    6.2420    6.0575  0.5379E+00  0.2754E+04 -0.4070E-02  0.3972E-02  0.1871E+03  0.000
    3.6011  4  1   32.6034   82.7553   31.9012    0.0000    3.3259    1.2094   37.2997    0.1867    6.2420    6.0588  0.4804E+00  0.2754E+04 -0.3960E-02  0.3862E-02  0.1881E+03  0.000
    3.6011  4  1   32.4404   82.9141   31.9017    0.0000    3.2726    1.2097   32.8780    0.1856    6.2419    6.0600  0.4362E+00  0.2754E+04 -0.3780E-02  0.3682E-02  0.1891E+03  0.000
    3.6012  4  1   32.2782   83.0717   31.9022    0.0000    3.1163    1.2099   22.8635    0.1845    6.2414    6.0613  0.4747E+00  0.2755E+04 -0.3422E-02  0.3325E-02  0.1901E+03  0.000
    3.6012  4  1   32.1168   83.2269   31.9030    0.0000    2.4146    1.2102    4.5287    0.1834    6.2384    6.0625  0.5380E+00  0.2755E+04 -0.2526E-02  0.2429E-02  0.1910E+03  0.000
    3.6014  4  1   32.0544   83.2770   31.9045    0.0000    1.6418    1.2103    0.7641    0.1833    6.2318    6.0629  0.8191E+01  0.2761E+04 -0.4844E-03  0.3889E-03  0.1912E+03  0.000
    3.6014  4  1   32.0544   83.2770   31.9045    0.0000    1.6418    1.2103    0.7641    0.1833    6.2318    6.0629  0.8191E+01  0.2761E+04 -0.2260E-03  0.1304E-03  0.1912E+03  0.000
    3.6020  7  1   31.9045   83.3462    0.0000    0.0000    0.2794    1.2106    0.0333    0.1834    6.0020    6.0636  0.8498E-11  0.2755E+04 -0.2214E-03  0.1021E-03  0.1910E+03  0.000
    3.6052  7  1   31.5854   83.3368    0.0000    0.0000    0.2771    1.2109    0.0331    0.1826    5.9974    6.0638  0.3453E+01  0.2749E+04 -0.1007E-03 -0.2971E-05  0.1915E+03  0.000
    3.6084  7  1   31.2696   83.3272    0.0000    0.0000    0.2748    1.2113    0.0329    0.1819    5.9929    6.0640  0.6755E+01  0.2743E+04 -0.9910E-04 -0.2983E-05  0.1921E+03  0.000
    3.6116  7  1   30.9569   83.3176    0.0000    0.0000    0.2724    1.2116    0.0327    0.1812    5.9883    6.0642  0.9913E+01  0.2737E+04 -0.9754E-04 -0.2995E-05  0.1926E+03  0.000
    3.6148  7  1   30.6473   83.3079    0.0000    0.0000    0.2701    1.2119    0.0325    0.1805    5.9837    6.0644  0.1294E+02  0.2731E+04 -0.9601E-04 -0.3007E-05  0.1931E+03  0.000
    3.6181  7  1   30.3408   83.2982    0.0000    0.0000    0.2678    1.2122    0.0323    0.1798    5.9790    6.0646  0.1583E+02  0.2725E+04 -0.9449E-04 -0.3020E-05  0.1937E+03  0.000
    3.6213  7  1   30.0374   83.2883    0.0000    0.0000    0.2655    1.2126    0.0322    0.1791    5.9744    6.0648  0.1860E+02  0.2719E+04 -0.9299E-04 -0.3032E-05  0.1942E+03  0.000
    3.6246  7  1   29.7370   83.2783    0.0000    0.0000    0.2632    1.2129    0.0320    0.1784    5.9697    6.0650  0.2126E+02  0.2713E+04 -0.9150E-04 -0.3044E-05  0.1947E+03  0.000
    3.6279  7  1   29.4397   83.2682    0.0000    0.0000    0.2609    1.2132    0.0318    0.1777    5.9650    6.0653  0.2380E+02  0.2707E+04 -0.9004E-04 -0.3056E-05  0.1953E+03  0.000
    3.6312  7  1   29.1453   83.2580    0.0000    0.0000    0.2586    1.2136    0.0317    0.1771    5.9603    6.0655  0.2625E+02  0.2700E+04 -0.8859E-04 -0.3067E-05  0.1958E+03  0.000
    3.6346  7  1   28.8538   83.2477    0.0000    0.0000    0.2564    1.2139    0.0315    0.1764    5.9556    6.0657  0.2859E+02  0.2694E+04 -0.8716E-04 -0.3079E-05  0.1963E+03  0.000
    3.6380  7  1   28.5653   83.2373    0.0000    0.0000    0.2541    1.2143    0.0313    0.1757    5.9508    6.0659  0.3084E+02  0.2688E+04 -0.8575E-04 -0.3091E-05  0.1968E+03  0.000
    3.6413  7  1   28.2796   83.2268    0.0000    0.0000    0.2518    1.2146    0.0312    0.1751    5.9460    6.0661  0.3301E+02  0.2681E+04 -0.8435E-04 -0.3103E-05  0.1973E+03  0.000
    3.6447  7  1   27.9968   83.2162    0.0000    0.0000    0.2496    1.2150    0.0310    0.1744    5.9412    6.0663  0.3509E+02  0.2675E+04 -0.8297E-04 -0.3115E-05  0.1979E+03  0.000
    3.6482  7  1   27.7169   83.2054    0.0000    0.0000    0.2474    1.2153    0.0308    0.1738    5.9364    6.0666  0.3709E+02  0.2669E+04 -0.8161E-04 -0.3126E-05  0.1984E+03  0.000
    3.6516  7  1   27.4397   83.1946    0.0000    0.0000    0.2451    1.2157    0.0307    0.1732    5.9316    6.0668  0.3902E+02  0.2662E+04 -0.8027E-04 -0.3138E-05  0.1989E+03  0.000
    3.6551  7  1   27.1653   83.1837    0.0000    0.0000    0.2429    1.2160    0.0305    0.1726    5.9268    6.0670  0.4088E+02  0.2656E+04 -0.7894E-04 -0.3149E-05  0.1994E+03  0.000
    3.6586  7  1   26.8937   83.1726    0.0000    0.0000    0.2407    1.2164    0.0304    0.1720    5.9219    6.0672  0.4267E+02  0.2649E+04 -0.7763E-04 -0.3161E-05  0.1999E+03  0.000
    3.6621  7  1   26.6247   83.1614    0.0000    0.0000    0.2385    1.2168    0.0302    0.1714    5.9170    6.0674  0.4440E+02  0.2642E+04 -0.7634E-04 -0.3173E-05  0.2004E+03  0.000
    3.6657  7  1   26.3585   83.1501    0.0000    0.0000    0.2363    1.2171    0.0301    0.1708    5.9121    6.0677  0.4606E+02  0.2636E+04 -0.7506E-04 -0.3184E-05  0.2009E+03  0.000
    3.6693  7  1   26.0949   83.1387    0.0000    0.0000    0.2341    1.2175    0.0299    0.1702    5.9072    6.0679  0.4768E+02  0.2629E+04 -0.7380E-04 -0.3195E-05  0.2014E+03  0.000
    3.6728  7  1   25.8339   83.1272    0.0000    0.0000    0.2319    1.2179    0.0298    0.1696    5.9022    6.0681  0.4923E+02  0.2623E+04 -0.7256E-04 -0.3207E-05  0.2019E+03  0.000
    3.6765  7  1   25.5756   83.1155    0.0000    0.0000    0.2297    1.2183    0.0296    0.1690    5.8973    6.0684  0.5074E+02  0.2616E+04 -0.7133E-04 -0.3218E-05  0.2024E+03  0.000
    3.6801  7  1   25.3198   83.1037    0.0000    0.0000    0.2275    1.2186    0.0295    0.1684    5.8923    6.0686  0.5221E+02  0.2609E+04 -0.7012E-04 -0.3230E-05  0.2029E+03  0.000
    3.6838  7  1   25.0666   83.0918    0.0000    0.0000    0.2254    1.2190    0.0293    0.1679    5.8873    6.0688  0.5362E+02  0.2602E+04 -0.6892E-04 -0.3241E-05  0.2034E+03  0.000
    3.6875  7  1   24.8160   83.0798    0.0000    0.0000    0.2232    1.2194    0.0292    0.1673    5.8823    6.0691  0.5500E+02  0.2595E+04 -0.6774E-04 -0.3252E-05  0.2039E+03  0.000
    3.6912  7  1   24.5678   83.0676    0.0000    0.0000    0.2210    1.2198    0.0291    0.1668    5.8773    6.0693  0.5633E+02  0.2588E+04 -0.6658E-04 -0.3263E-05  0.2044E+03  0.000
    3.6950  7  1   24.3221   83.0553    0.0000    0.0000    0.2189    1.2202    0.0289    0.1662    5.8722    6.0695  0.5763E+02  0.2581E+04 -0.6543E-04 -0.3275E-05  0.2049E+03  0.000
    3.6988  7  1   24.0789   83.0429    0.0000    0.0000    0.2168    1.2206    0.0288    0.1657    5.8671    6.0698  0.5890E+02  0.2574E+04 -0.6430E-04 -0.3286E-05  0.2054E+03  0.000
    3.7026  7  1   23.8381   83.0303    0.0000    0.0000    0.2146    1.2210    0.0287    0.1651    5.8620    6.0700  0.6013E+02  0.2567E+04 -0.6318E-04 -0.3297E-05  0.2059E+03  0.000
    3.7064  7  1   23.5997   83.0176    0.0000    0.0000    0.2125    1.2214    0.0285    0.1646    5.8569    6.0703  0.6133E+02  0.2560E+04 -0.6208E-04 -0.3308E-05  0.2064E+03  0.000
    3.7103  7  1   23.3637   83.0048    0.0000    0.0000    0.2104    1.2218    0.0284    0.1641    5.8518    6.0705  0.6250E+02  0.2553E+04 -0.6099E-04 -0.3320E-05  0.2068E+03  0.000
    3.7142  7  1   23.1301   82.9918    0.0000    0.0000    0.2083    1.2222    0.0283    0.1636    5.8466    6.0708  0.6364E+02  0.2546E+04 -0.5992E-04 -0.3331E-05  0.2073E+03  0.000
    3.7181  7  1   22.8988   82.9787    0.0000    0.0000    0.2062    1.2226    0.0282    0.1631    5.8414    6.0710  0.6476E+02  0.2539E+04 -0.5886E-04 -0.3342E-05  0.2078E+03  0.000
    3.7221  7  1   22.6698   82.9654    0.0000    0.0000    0.2041    1.2231    0.0280    0.1626    5.8362    6.0713  0.6586E+02  0.2531E+04 -0.5782E-04 -0.3353E-05  0.2083E+03  0.000
    3.7261  7  1   22.4431   82.9520    0.0000    0.0000    0.2020    1.2235    0.0279    0.1621    5.8310    6.0715  0.6694E+02  0.2524E+04 -0.5679E-04 -0.3364E-05  0.2087E+03  0.000
    3.7301  7  1   22.2187   82.9384    0.0000    0.0000    0.1999    1.2239    0.0278    0.1616    5.8258    6.0718  0.6799E+02  0.2516E+04 -0.5578E-04 -0.3376E-05  0.2092E+03  0.000
    3.7341  7  1   21.9965   82.9246    0.0000    0.0000    0.1978    1.2244    0.0277    0.1611    5.8206    6.0720  0.6903E+02  0.2509E+04 -0.5478E-04 -0.3387E-05  0.2097E+03  0.000
    3.7382  7  1   21.7765   82.9108    0.0000    0.0000    0.1957    1.2248    0.0275    0.1607    5.8153    6.0723  0.7005E+02  0.2501E+04 -0.5379E-04 -0.3398E-05  0.2101E+03  0.000
    3.7423  7  1   21.5588   82.8967    0.0000    0.0000    0.1937    1.2253    0.0274    0.1602    5.8100    6.0725  0.7106E+02  0.2494E+04 -0.5282E-04 -0.3409E-05  0.2106E+03  0.000
    3.7465  7  1   21.3432   82.8825    0.0000    0.0000    0.1916    1.2257    0.0273    0.1597    5.8047    6.0728  0.7205E+02  0.2486E+04 -0.5187E-04 -0.3420E-05  0.2111E+03  0.000
    3.7507  7  1   21.1298   82.8681    0.0000    0.0000    0.1895    1.2262    0.0272    0.1593    5.7993    6.0731  0.7303E+02  0.2478E+04 -0.5092E-04 -0.3431E-05  0.2115E+03  0.000
    3.7549  7  1   20.9185   82.8535    0.0000    0.0000    0.1875    1.2266    0.0271    0.1588    5.7940    6.0733  0.7400E+02  0.2471E+04 -0.4999E-04 -0.3443E-05  0.2120E+03  0.000
    3.7592  7  1   20.7093   82.8388    0.0000    0.0000    0.1854    1.2271    0.0270    0.1584    5.7886    6.0736  0.7496E+02  0.2463E+04 -0.4908E-04 -0.3454E-05  0.2124E+03  0.000
    3.7635  7  1   20.5022   82.8239    0.0000    0.0000    0.1833    1.2276    0.0268    0.1579    5.7832    6.0739  0.7591E+02  0.2455E+04 -0.4818E-04 -0.3465E-05  0.2129E+03  0.000
    3.7678  7  1   20.2972   82.8089    0.0000    0.0000    0.1813    1.2280    0.0267    0.1575    5.7778    6.0741  0.7685E+02  0.2447E+04 -0.4729E-04 -0.3476E-05  0.2133E+03  0.000
    3.7722  7  1   20.0942   82.7936    0.0000    0.0000    0.1792    1.2285    0.0266    0.1571    5.7724    6.0744  0.7779E+02  0.2439E+04 -0.4641E-04 -0.3488E-05  0.2138E+03  0.000
    3.7766  7  1   19.8932   82.7782    0.0000    0.0000    0.1772    1.2290    0.0265    0.1567    5.7669    6.0747  0.7873E+02  0.2431E+04 -0.4555E-04 -0.3499E-05  0.2142E+03  0.000
    3.7811  7  1   19.6943   82.7625    0.0000    0.0000    0.1751    1.2295    0.0264    0.1562    5.7615    6.0750  0.7966E+02  0.2423E+04 -0.4470E-04 -0.3511E-05  0.2147E+03  0.000
    3.7855  7  1   19.4974   82.7467    0.0000    0.0000    0.1730    1.2300    0.0263    0.1558    5.7560    6.0753  0.8059E+02  0.2414E+04 -0.4386E-04 -0.3522E-05  0.2151E+03  0.000
    3.7901  7  1   19.3024   82.7307    0.0000    0.0000    0.1710    1.2305    0.0262    0.1554    5.7504    6.0756  0.8152E+02  0.2406E+04 -0.4304E-04 -0.3533E-05  0.2156E+03  0.000
    3.7946  7  1   19.1094   82.7145    0.0000    0.0000    0.1689    1.2310    0.0261    0.1550    5.7449    6.0758  0.8246E+02  0.2398E+04 -0.4223E-04 -0.3545E-05  0.2160E+03  0.000
    3.7993  7  1   18.9183   82.6981    0.0000    0.0000    0.1668    1.2315    0.0260    0.1546    5.7394    6.0761  0.8339E+02  0.2389E+04 -0.4143E-04 -0.3556E-05  0.2164E+03  0.000
    3.8039  7  1   18.7291   82.6815    0.0000    0.0000    0.1648    1.2320    0.0259    0.1543    5.7338    6.0764  0.8433E+02  0.2381E+04 -0.4064E-04 -0.3568E-05  0.2169E+03  0.000
    3.8086  7  1   18.5418   82.6647    0.0000    0.0000    0.1627    1.2326    0.0258    0.1539    5.7282    6.0767  0.8528E+02  0.2372E+04 -0.3986E-04 -0.3580E-05  0.2173E+03  0.000
    3.8134  7  1   18.3564   82.6477    0.0000    0.0000    0.1606    1.2331    0.0257    0.1535    5.7226    6.0770  0.8624E+02  0.2363E+04 -0.3910E-04 -0.3591E-05  0.2177E+03  0.000
    3.8181  7  1   18.1728   82.6304    0.0000    0.0000    0.1584    1.2336    0.0255    0.1531    5.7169    6.0773  0.8720E+02  0.2355E+04 -0.3835E-04 -0.3603E-05  0.2182E+03  0.000
    3.8230  7  1   17.9911   82.6129    0.0000    0.0000    0.1563    1.2342    0.0254    0.1528    5.7113    6.0776  0.8818E+02  0.2346E+04 -0.3761E-04 -0.3615E-05  0.2186E+03  0.000
    3.8279  7  1   17.8112   82.5953    0.0000    0.0000    0.1542    1.2347    0.0253    0.1524    5.7056    6.0779  0.8917E+02  0.2337E+04 -0.3688E-04 -0.3627E-05  0.2190E+03  0.000
    3.8328  7  1   17.6331   82.5773    0.0000    0.0000    0.1520    1.2353    0.0252    0.1521    5.6999    6.0782  0.9017E+02  0.2328E+04 -0.3617E-04 -0.3639E-05  0.2195E+03  0.000
    3.8377  7  1   17.4567   82.5592    0.0000    0.0000    0.1498    1.2358    0.0251    0.1517    5.6942    6.0786  0.9119E+02  0.2319E+04 -0.3546E-04 -0.3651E-05  0.2199E+03  0.000
    3.8428  7  1   17.2822   82.5408    0.0000    0.0000    0.1476    1.2364    0.0250    0.1514    5.6884    6.0789  0.9223E+02  0.2310E+04 -0.3477E-04 -0.3663E-05  0.2203E+03  0.000
    3.8478  7  1   17.1094   82.5222    0.0000    0.0000    0.1454    1.2370    0.0249    0.1510    5.6827    6.0792  0.9329E+02  0.2300E+04 -0.3408E-04 -0.3675E-05  0.2207E+03  0.000
    3.8530  7  1   16.9383   82.5033    0.0000    0.0000    0.1431    1.2376    0.0248    0.1507    5.6769    6.0795  0.9438E+02  0.2291E+04 -0.3341E-04 -0.3687E-05  0.2211E+03  0.000
    3.8581  7  1   16.7689   82.4841    0.0000    0.0000    0.1408    1.2382    0.0247    0.1504    5.6711    6.0798  0.9549E+02  0.2282E+04 -0.3275E-04 -0.3699E-05  0.2216E+03  0.000
    3.8634  7  1   16.6012   82.4648    0.0000    0.0000    0.1384    1.2388    0.0246    0.1501    5.6653    6.0802  0.9664E+02  0.2272E+04 -0.3210E-04 -0.3712E-05  0.2220E+03  0.000
    3.8686  7  1   16.4352   82.4451    0.0000    0.0000    0.1361    1.2394    0.0245    0.1498    5.6594    6.0805  0.9781E+02  0.2263E+04 -0.3146E-04 -0.3725E-05  0.2224E+03  0.000
    3.8740  7  1   16.2708   82.4252    0.0000    0.0000    0.1336    1.2400    0.0243    0.1495    5.6535    6.0808  0.9903E+02  0.2253E+04 -0.3083E-04 -0.3737E-05  0.2228E+03  0.000
    3.8793  7  1   16.1081   82.4050    0.0000    0.0000    0.1312    1.2406    0.0242    0.1492    5.6476    6.0812  0.1003E+03  0.2243E+04 -0.3021E-04 -0.3750E-05  0.2232E+03  0.000
    3.8848  7  1   15.9470   82.3845    0.0000    0.0000    0.1286    1.2413    0.0241    0.1489    5.6417    6.0815  0.1016E+03  0.2233E+04 -0.2961E-04 -0.3763E-05  0.2236E+03  0.000
    3.8903  7  1   15.7876   82.3637    0.0000    0.0000    0.1260    1.2419    0.0240    0.1486    5.6358    6.0819  0.1029E+03  0.2223E+04 -0.2901E-04 -0.3776E-05  0.2240E+03  0.000
    3.8958  7  1   15.6297   82.3427    0.0000    0.0000    0.1234    1.2426    0.0239    0.1483    5.6298    6.0822  0.1043E+03  0.2213E+04 -0.2842E-04 -0.3789E-05  0.2244E+03  0.000
    3.9015  7  1   15.4734   82.3214    0.0000    0.0000    0.1206    1.2432    0.0237    0.1480    5.6239    6.0826  0.1058E+03  0.2203E+04 -0.2784E-04 -0.3802E-05  0.2248E+03  0.000
    3.9071  7  1   15.3187   82.2997    0.0000    0.0000    0.1178    1.2439    0.0236    0.1477    5.6179    6.0829  0.1073E+03  0.2193E+04 -0.2727E-04 -0.3816E-05  0.2252E+03  0.000
    3.9129  7  1   15.1655   82.2777    0.0000    0.0000    0.1149    1.2446    0.0235    0.1475    5.6119    6.0833  0.1089E+03  0.2182E+04 -0.2671E-04 -0.3830E-05  0.2256E+03  0.000
    3.9187  7  1   15.0138   82.2555    0.0000    0.0000    0.1120    1.2453    0.0233    0.1472    5.6058    6.0836  0.1106E+03  0.2172E+04 -0.2616E-04 -0.3843E-05  0.2260E+03  0.000
    3.9245  7  1   14.8637   82.2329    0.0000    0.0000    0.1089    1.2460    0.0232    0.1470    5.5997    6.0840  0.1123E+03  0.2161E+04 -0.2562E-04 -0.3857E-05  0.2264E+03  0.000
    3.9304  7  1   14.7150   82.2099    0.0000    0.0000    0.1057    1.2467    0.0230    0.1467    5.5937    6.0844  0.1142E+03  0.2151E+04 -0.2509E-04 -0.3871E-05  0.2268E+03  0.000
    3.9364  7  1   14.5679   82.1867    0.0000    0.0000    0.1023    1.2474    0.0229    0.1465    5.5876    6.0848  0.1161E+03  0.2140E+04 -0.2457E-04 -0.3886E-05  0.2272E+03  0.000
    3.9425  7  1   14.4222   82.1630    0.0000    0.0000    0.0989    1.2481    0.0227    0.1462    5.5814    6.0851  0.1182E+03  0.2129E+04 -0.2406E-04 -0.3900E-05  0.2276E+03  0.000
    3.9486  7  1   14.2780   82.1391    0.0000    0.0000    0.0953    1.2489    0.0226    0.1460    5.5753    6.0855  0.1204E+03  0.2118E+04 -0.2355E-04 -0.3915E-05  0.2280E+03  0.000
    3.9548  7  1   14.1352   82.1147    0.0000    0.0000    0.0915    1.2496    0.0224    0.1458    5.5691    6.0859  0.1227E+03  0.2107E+04 -0.2306E-04 -0.3930E-05  0.2284E+03  0.000
    3.9611  7  1   13.9939   82.0900    0.0000    0.0000    0.0875    1.2504    0.0222    0.1456    5.5629    6.0863  0.1252E+03  0.2095E+04 -0.2257E-04 -0.3945E-05  0.2288E+03  0.000
    3.9674  7  1   13.8539   82.0649    0.0000    0.0000    0.0834    1.2512    0.0220    0.1453    5.5567    6.0867  0.1278E+03  0.2084E+04 -0.2209E-04 -0.3960E-05  0.2292E+03  0.000
    3.9738  7  1   13.7154   82.0395    0.0000    0.0000    0.0791    1.2519    0.0218    0.1451    5.5505    6.0871  0.1307E+03  0.2073E+04 -0.2162E-04 -0.3976E-05  0.2296E+03  0.000
    3.9803  7  1   13.5782   82.0136    0.0000    0.0000    0.0745    1.2527    0.0216    0.1449    5.5442    6.0875  0.1337E+03  0.2061E+04 -0.2116E-04 -0.3992E-05  0.2300E+03  0.000
    3.9868  7  1   13.4424   81.9873    0.0000    0.0000    0.0697    1.2535    0.0214    0.1447    5.5379    6.0879  0.1370E+03  0.2049E+04 -0.2071E-04 -0.4008E-05  0.2304E+03  0.000
    3.9935  7  1   13.3080   81.9606    0.0000    0.0000    0.0647    1.2544    0.0212    0.1446    5.5316    6.0883  0.1406E+03  0.2037E+04 -0.2027E-04 -0.4024E-05  0.2307E+03  0.000
    4.0002  7  1   13.1749   81.9335    0.0000    0.0000    0.0593    1.2552    0.0209    0.1444    5.5253    6.0887  0.1445E+03  0.2025E+04 -0.1983E-04 -0.4040E-05  0.2311E+03  0.000
    4.0070  7  1   13.0432   81.9060    0.0000    0.0000    0.0537    1.2561    0.0207    0.1442    5.5189    6.0892  0.1486E+03  0.2013E+04 -0.1940E-04 -0.4057E-05  0.2315E+03  0.000
    4.0139  7  1   12.9128   81.8780    0.0000    0.0000    0.0476    1.2569    0.0204    0.1440    5.5126    6.0896  0.1532E+03  0.2001E+04 -0.1898E-04 -0.4074E-05  0.2319E+03  0.000
    4.0208  7  1   12.7836   81.8495    0.0000    0.0000    0.0412    1.2578    0.0201    0.1439    5.5062    6.0900  0.1582E+03  0.1989E+04 -0.1857E-04 -0.4092E-05  0.2323E+03  0.000
    4.0278  7  1   12.6567   81.8208    0.0000    0.0000    0.0345    1.2587    0.0199    0.1437    5.4998    6.0905  0.1637E+03  0.1976E+04 -0.1816E-04 -0.4110E-05  0.2327E+03  0.000
    4.0278  7  1   12.6560   81.8206    0.0000    0.0000    0.0344    1.2587    0.0199    0.1437    5.4997    6.0905  0.1637E+03  0.1976E+04 -0.1776E-04 -0.4127E-05  0.2327E+03  0.000
    4.0278  8  1   12.6560   81.8206    8.9978    0.0000    0.0344    1.2587    0.0199    0.1437    5.4998    6.0905  0.8348E+03  0.1976E+04 -0.1776E-04 -0.4128E-05  0.2327E+03  0.000
    4.0287  8  1   12.6402   81.8169    9.0204    0.0000    0.0355    1.2588    0.0199    0.1437    5.5052    6.0905  0.8172E+03  0.1975E+04 -0.1776E-04 -0.4128E-05  0.2327E+03  0.000
    4.0296  8  1   12.6242   81.8133    9.0431    0.0000    0.0367    1.2589    0.0200    0.1437    5.5107    6.0906  0.7995E+03  0.1973E+04 -0.1810E-04 -0.4125E-05  0.2328E+03  0.000
    4.0305  8  1   12.6081   81.8097    9.0658    0.0000    0.0378    1.2590    0.0200    0.1436    5.5161    6.0906  0.7817E+03  0.1972E+04 -0.1845E-04 -0.4122E-05  0.2328E+03  0.000
    4.0313  8  1   12.5919   81.8061    9.0886    0.0000    0.0389    1.2591    0.0201    0.1436    5.5216    6.0907  0.7639E+03  0.1970E+04 -0.1880E-04 -0.4120E-05  0.2329E+03  0.000
    4.0322  8  1   12.5755   81.8026    9.1115    0.0000    0.0401    1.2592    0.0201    0.1436    5.5270    6.0907  0.7459E+03  0.1968E+04 -0.1915E-04 -0.4117E-05  0.2329E+03  0.000
    4.0330  8  1   12.5590   81.7991    9.1344    0.0000    0.0412    1.2593    0.0202    0.1436    5.5325    6.0908  0.7280E+03  0.1967E+04 -0.1952E-04 -0.4114E-05  0.2330E+03  0.000
    4.0339  8  1   12.5424   81.7957    9.1574    0.0000    0.0424    1.2594    0.0202    0.1436    5.5379    6.0908  0.7100E+03  0.1965E+04 -0.1989E-04 -0.4110E-05  0.2330E+03  0.000
    4.0347  8  1   12.5256   81.7923    9.1804    0.0000    0.0436    1.2596    0.0203    0.1435    5.5434    6.0909  0.6919E+03  0.1964E+04 -0.2027E-04 -0.4107E-05  0.2331E+03  0.000
    4.0355  8  1   12.5086   81.7889    9.2035    0.0000    0.0448    1.2597    0.0204    0.1435    5.5489    6.0909  0.6738E+03  0.1963E+04 -0.2065E-04 -0.4104E-05  0.2331E+03  0.000
    4.0364  8  1   12.4915   81.7856    9.2267    0.0000    0.0460    1.2598    0.0204    0.1435    5.5543    6.0910  0.6557E+03  0.1961E+04 -0.2105E-04 -0.4100E-05  0.2332E+03  0.000
    4.0372  8  1   12.4742   81.7823    9.2499    0.0000    0.0472    1.2599    0.0205    0.1435    5.5598    6.0910  0.6376E+03  0.1960E+04 -0.2145E-04 -0.4096E-05  0.2332E+03  0.000
    4.0380  8  1   12.4568   81.7790    9.2732    0.0000    0.0484    1.2600    0.0205    0.1434    5.5652    6.0911  0.6196E+03  0.1958E+04 -0.2186E-04 -0.4092E-05  0.2333E+03  0.000
    4.0387  8  1   12.4393   81.7758    9.2965    0.0000    0.0497    1.2601    0.0206    0.1434    5.5707    6.0911  0.6015E+03  0.1957E+04 -0.2227E-04 -0.4088E-05  0.2333E+03  0.000
    4.0395  8  1   12.4215   81.7726    9.3199    0.0000    0.0510    1.2602    0.0207    0.1434    5.5761    6.0912  0.5835E+03  0.1955E+04 -0.2269E-04 -0.4084E-05  0.2334E+03  0.000
    4.0403  8  1   12.4037   81.7695    9.3433    0.0000    0.0523    1.2603    0.0207    0.1433    5.5816    6.0912  0.5655E+03  0.1954E+04 -0.2313E-04 -0.4079E-05  0.2334E+03  0.000
    4.0411  8  1   12.3856   81.7664    9.3668    0.0000    0.0536    1.2604    0.0208    0.1433    5.5870    6.0913  0.5476E+03  0.1953E+04 -0.2357E-04 -0.4074E-05  0.2335E+03  0.000
    4.0418  8  1   12.3674   81.7633    9.3904    0.0000    0.0549    1.2605    0.0209    0.1433    5.5925    6.0913  0.5298E+03  0.1951E+04 -0.2402E-04 -0.4069E-05  0.2335E+03  0.000
    4.0426  8  1   12.3491   81.7602    9.4140    0.0000    0.0563    1.2606    0.0209    0.1433    5.5980    6.0914  0.5120E+03  0.1950E+04 -0.2447E-04 -0.4064E-05  0.2336E+03  0.000
    4.0432 14  1   12.3342   81.7578   12.3342    0.0000   -4.2815    1.2606    0.0000    0.1433  -10.0000    6.0914  0.2000E+09  0.1949E+04 -0.2494E-04 -0.4059E-05  0.2335E+03  0.000
    4.1432 14  1   12.3347   81.3265   12.3347    0.0000   -4.2815    1.2738    0.0000    0.1472  -10.0000    6.0976  0.2778E+11  0.1774E+04  0.4529E-08 -0.4313E-05  0.2345E+03  0.000
    4.3241 14  1   12.3356   80.5132   12.3356    0.0000   -4.2815    1.2998    0.0000    0.1552  -10.0000    6.1088  0.8071E+11  0.1466E+04  0.4969E-08 -0.4495E-05  0.2366E+03  0.000
    4.4896 14  1   12.3365   79.7081   12.3365    0.0000   -4.2814    1.3265    0.0000    0.1638  -10.0000    6.1190  0.1347E+12  0.1197E+04  0.5950E-08 -0.4864E-05  0.2386E+03  0.000
    4.6413 14  1   12.3376   78.9110   12.3376    0.0000   -4.2814    1.3541    0.0000    0.1734  -10.0000    6.1280  0.1838E+12  0.9645E+03  0.7124E-08 -0.5255E-05  0.2406E+03  0.000
    4.7805 14  1   12.3388   78.1219   12.3388    0.0000   -4.2814    1.3826    0.0000    0.1839  -10.0000    6.1361  0.1838E+12  0.7662E+03  0.8535E-08 -0.5668E-05  0.2427E+03  0.000
    4.9085 14  1   12.3401   77.3407   12.3401    0.0000   -4.2813    1.4124    0.0000    0.1955  -10.0000    6.1431  0.1837E+12  0.5993E+03  0.1024E-07 -0.6107E-05  0.2448E+03  0.000
    5.0261 14  1   12.3416   76.5673   12.3416    0.0000   -4.2813    1.4435    0.0000    0.2086  -10.0000    6.1491  0.1837E+12  0.4610E+03  0.1231E-07 -0.6575E-05  0.2469E+03  0.000
    5.1343 14  1   12.3432   75.8016   12.3432    0.0000   -4.2812    1.4760    0.0000    0.2233  -10.0000    6.1541  0.1837E+12  0.3482E+03  0.1485E-07 -0.7076E-05  0.2490E+03  0.000
    5.2339 14  1   12.3450   75.0436   12.3450    0.0000   -4.2811    1.5100    0.0000    0.2399  -10.0000    6.1582  0.1837E+12  0.2579E+03  0.1798E-07 -0.7616E-05  0.2511E+03  0.000
    5.3254 14  1   12.3470   74.2932   12.3470    0.0000   -4.2811    1.5455    0.0000    0.2585  -10.0000    6.1615  0.1836E+12  0.1873E+03  0.2185E-07 -0.8198E-05  0.2532E+03  0.000
    5.4096 14  1   12.3492   73.5502   12.3492    0.0000   -4.2810    1.5824    0.0000    0.2795  -10.0000    6.1639  0.1836E+12  0.1332E+03  0.2663E-07 -0.8826E-05  0.2553E+03  0.000
    5.4870 14  1   12.3517   72.8147   12.3517    0.0000   -4.2809    1.6204    0.0000    0.3031  -10.0000    6.1655  0.1835E+12  0.9272E+02  0.3254E-07 -0.9504E-05  0.2574E+03  0.000
    5.5581 14  1   12.3546   72.0866   12.3546    0.0000   -4.2808    1.6593    0.0000    0.3293  -10.0000    6.1663  0.1835E+12  0.6325E+02  0.3981E-07 -0.1023E-04  0.2596E+03  0.000
    5.6236 14  1   12.3577   71.3657   12.3577    0.0000   -4.2807    1.6989    0.0000    0.3584  -10.0000    6.1665  0.1834E+12  0.4236E+02  0.4871E-07 -0.1101E-04  0.2617E+03  0.000
    5.6839 14  1   12.3613   70.6520   12.3613    0.0000   -4.2806    1.7388    0.0000    0.3904  -10.0000    6.1660  0.1834E+12  0.2807E+02  0.5953E-07 -0.1184E-04  0.2638E+03  0.000
    5.7394 14  1   12.3654   69.9455   12.3654    0.0000   -4.2804    1.7789    0.0000    0.4256  -10.0000    6.1648  0.1833E+12  0.1879E+02  0.7257E-07 -0.1272E-04  0.2658E+03  0.000
    5.7907 14  1   12.3699   69.2461   12.3699    0.0000   -4.2803    1.8181    0.0000    0.4633  -10.0000    6.1639  0.1832E+12  0.1346E+02  0.8817E-07 -0.1364E-04  0.2677E+03  0.000
    5.8229 14  1   12.3733   68.7762   12.3733    0.0000   -4.2801    1.6856    0.0000    0.3404  -10.0000    6.1861  0.1832E+12  0.2180E+02  0.1065E-06 -0.1461E-04  0.2688E+03  0.000
    5.8230 14  1   12.3733   68.7752   12.3733    0.0000   -4.2801    1.6847    0.0000    0.3397  -10.0000    6.1862  0.1832E+12  0.2187E+02  0.6092E-07 -0.1214E-04  0.2688E+03  0.000
    5.8230 14  2   12.3733   68.7752   12.3733   29.1077   -4.2801    1.6691    0.0000    0.3277  -10.0000    6.1862  0.1832E+12  0.3981E+02  0.6066E-07 -0.1213E-04  0.2688E+03  0.000
    5.8231 14  2   12.3734   68.7654   12.3734   29.1368   -4.2801    1.7515    0.0000    0.3962  -10.0000    6.1869  0.1833E+12  0.2926E+02  0.2794E-06 -0.5857E-04  0.2688E+03  0.000
    5.8233 14  2   12.3734   68.7557   12.3734   29.1659   -4.2801    1.8340    0.0000    0.4791  -10.0000    6.1875  0.1833E+12  0.2126E+02  0.3585E-06 -0.5881E-04  0.2689E+03  0.000
    5.8235 14  2   12.3735   68.7459   12.3735   29.1950   -4.2801    1.9165    0.0000    0.5792  -10.0000    6.1882  0.1833E+12  0.1529E+02  0.4538E-06 -0.5906E-04  0.2689E+03  0.000
    5.8236 14  2   12.3736   68.7356   12.3736   29.2241   -4.2801    1.9990    0.0000    0.7004  -10.0000    6.1889  0.1833E+12  0.1091E+02  0.5896E-06 -0.6170E-04  0.2689E+03  0.000
    5.8238 14  2   12.3780   68.3635   12.3780   29.2533   -4.2800    2.0816    0.0000    0.8446  -10.0000    6.1895  0.1831E+12  0.5639E+01  0.2628E-04 -0.2240E-02  0.2700E+03  0.000
    5.8238 14  2   12.3878   67.6798   12.3878   29.2593   -4.2796    2.0989    0.0000    0.8744  -10.0000    6.1897  0.1828E+12  0.2425E+01  0.2854E-03 -0.1993E-01  0.2718E+03  0.000
    5.8239 14  2   12.3980   67.0030   12.3980   29.2635   -4.2793    2.1111    0.0000    0.8949  -10.0000    6.1898  0.1826E+12  0.1046E+01  0.4245E-03 -0.2813E-01  0.2736E+03  0.000
    5.8239 14  2   12.4085   66.3330   12.4085   29.2668   -4.2789    2.1208    0.0000    0.9105  -10.0000    6.1899  0.1825E+12  0.4502E+00  0.5559E-03 -0.3538E-01  0.2755E+03  0.000
    5.8239 14  2   12.4193   65.6697   12.4193   29.2696   -4.2785    2.1288    0.0000    0.9232  -10.0000    6.1899  0.1823E+12  0.1938E+00  0.6853E-03 -0.4212E-01  0.2773E+03  0.000
    5.8239 14  2   12.4303   65.0130   12.4303   29.2719   -4.2782    2.1358    0.0000    0.9337  -10.0000    6.1900  0.1821E+12  0.8421E-01  0.8146E-03 -0.4851E-01  0.2791E+03  0.000
    5.8239 14  2   12.4416   64.3628   12.4416   29.2740   -4.2778    2.1420    0.0000    0.9426  -10.0000    6.1900  0.1820E+12  0.3781E-01  0.9448E-03 -0.5464E-01  0.2809E+03  0.000
    5.8239 14  2   12.4530   63.7192   12.4530   29.2759   -4.2774    2.1476    0.0000    0.9503  -10.0000    6.1901  0.1818E+12  0.1830E-01  0.1076E-02 -0.6057E-01  0.2828E+03  0.000
    5.8239 14  2   12.4646   63.0820   12.4646   29.2776   -4.2770    2.1526    0.0000    0.9570  -10.0000    6.1901  0.1816E+12  0.1014E-01  0.1210E-02 -0.6633E-01  0.2846E+03  0.000
    5.8239 14  2   12.4764   62.4512   12.4764   29.2791   -4.2765    2.1572    0.0000    0.9629  -10.0000    6.1901  0.1813E+12  0.6711E-02  0.1345E-02 -0.7194E-01  0.2864E+03  0.000
    5.8240 14  2   12.4884   61.8267   12.4884   29.2805   -4.2761    2.1615    0.0000    0.9680  -10.0000    6.1902  0.1809E+12  0.5229E-02  0.1483E-02 -0.7743E-01  0.2882E+03  0.000
    5.8240 14  2   12.5005   61.2084   12.5005   29.2818   -4.2757    2.1655    0.0000    0.9726  -10.0000    6.1902  0.1805E+12  0.4545E-02  0.1624E-02 -0.8279E-01  0.2900E+03  0.000
    5.8240 14  2   12.5128   60.5963   12.5128   29.2830   -4.2753    2.1692    0.0000    0.9767  -10.0000    6.1902  0.1801E+12  0.4186E-02  0.1766E-02 -0.8805E-01  0.2918E+03  0.000
    5.8240 14  2   12.5252   59.9904   12.5252   29.2842   -4.2748    2.1727    0.0000    0.9803  -10.0000    6.1903  0.1797E+12  0.3962E-02  0.1912E-02 -0.9322E-01  0.2937E+03  0.000
    5.8240 14  2   12.5378   59.3905   12.5378   29.2853   -4.2744    2.1760    0.0000    0.9835  -10.0000    6.1903  0.1792E+12  0.3796E-02  0.2061E-02 -0.9829E-01  0.2955E+03  0.000
    5.8240 14  2   12.5505   58.7966   12.5505   29.2863   -4.2740    2.1791    0.0000    0.9864  -10.0000    6.1903  0.1788E+12  0.3658E-02  0.2212E-02 -0.1033E+00  0.2973E+03  0.000
    5.8240 14  2   12.5634   58.2086   12.5634   29.2872   -4.2735    2.1821    0.0000    0.9889  -10.0000    6.1903  0.1783E+12  0.3534E-02  0.2366E-02 -0.1082E+00  0.2991E+03  0.000
    5.8240 14  2   12.5764   57.6265   12.5764   29.2881   -4.2731    2.1849    0.0000    0.9912  -10.0000    6.1903  0.1779E+12  0.3419E-02  0.2524E-02 -0.1130E+00  0.3009E+03  0.000
    5.8240 14  2   12.5895   57.0502   12.5895   29.2890   -4.2726    2.1876    0.0000    0.9932  -10.0000    6.1904  0.1774E+12  0.3312E-02  0.2684E-02 -0.1178E+00  0.3027E+03  0.000
    5.8240 14  2   12.6028   56.4797   12.6028   29.2898   -4.2722    2.1901    0.0000    0.9950  -10.0000    6.1904  0.1770E+12  0.3211E-02  0.2848E-02 -0.1224E+00  0.3045E+03  0.000
    5.8240 14  2   12.6162   55.9149   12.6162   29.2906   -4.2717    2.1926    0.0000    0.9966  -10.0000    6.1904  0.1765E+12  0.3116E-02  0.3015E-02 -0.1270E+00  0.3063E+03  0.000
    5.8240 14  2   12.6297   55.3558   12.6297   29.2913   -4.2712    2.1949    0.0000    0.9980  -10.0000    6.1904  0.1760E+12  0.3026E-02  0.3184E-02 -0.1316E+00  0.3081E+03  0.000
    5.8240 14  2   12.6434   54.8022   12.6434   29.2920   -4.2708    2.1971    0.0000    0.9992  -10.0000    6.1904  0.1755E+12  0.2940E-02  0.3358E-02 -0.1360E+00  0.3099E+03  0.000
    5.8240 14  2   12.6572   54.2542   12.6572   29.2927   -4.2703    2.1993    0.0000    1.0003  -10.0000    6.1905  0.1750E+12  0.2858E-02  0.0000E+00  0.0000E+00  0.3118E+03  0.000
    5.8240 14  7   12.6572   29.2927   12.6572    0.0000   -4.2703    0.2562    0.0000    0.2241  -10.0000    5.9424  0.1750E+12  0.2858E-02  0.1379E+05 -0.2551E+08  0.1777E+02  0.000
    5.8240 14  7   12.6572   29.2927   12.6572    0.0000   -4.2703    0.2562    0.0000    0.2241  -10.0000    5.9424  0.1750E+12  0.2858E-02  0.3534E-02 -0.1404E+00  0.1777E+02  0.000
    5.8276 14  7   12.6606   28.9998   12.6606    0.0000   -4.2702    0.2539    0.0000    0.2220  -10.0000    5.9379  0.1749E+12  0.1717E+00  0.9516E-06 -0.8196E-04  0.1788E+02  0.000
    5.8312 14  7   12.6639   28.7098   12.6639    0.0000   -4.2701    0.2517    0.0000    0.2198  -10.0000    5.9334  0.1748E+12  0.3148E+00  0.9388E-06 -0.8070E-04  0.1800E+02  0.000
    5.8348 14  7   12.6673   28.4227   12.6673    0.0000   -4.2700    0.2494    0.0000    0.2177  -10.0000    5.9288  0.1746E+12  0.4355E+00  0.9260E-06 -0.7944E-04  0.1811E+02  0.000
    5.8384 14  7   12.6706   28.1385   12.6706    0.0000   -4.2698    0.2471    0.0000    0.2157  -10.0000    5.9243  0.1745E+12  0.5364E+00  0.9134E-06 -0.7821E-04  0.1823E+02  0.000
    5.8421 14  7   12.6739   27.8571   12.6739    0.0000   -4.2697    0.2448    0.0000    0.2136  -10.0000    5.9197  0.1743E+12  0.6200E+00  0.9008E-06 -0.7698E-04  0.1835E+02  0.000
    5.8458 14  7   12.6772   27.5785   12.6772    0.0000   -4.2696    0.2426    0.0000    0.2116  -10.0000    5.9151  0.1742E+12  0.6885E+00  0.8884E-06 -0.7577E-04  0.1846E+02  0.000
    5.8495 14  7   12.6804   27.3027   12.6804    0.0000   -4.2695    0.2404    0.0000    0.2096  -10.0000    5.9104  0.1741E+12  0.7438E+00  0.8761E-06 -0.7457E-04  0.1858E+02  0.000
    5.8532 14  7   12.6836   27.0297   12.6836    0.0000   -4.2694    0.2381    0.0000    0.2076  -10.0000    5.9058  0.1739E+12  0.7877E+00  0.8639E-06 -0.7339E-04  0.1870E+02  0.000
    5.8569 14  7   12.6868   26.7594   12.6868    0.0000   -4.2693    0.2359    0.0000    0.2057  -10.0000    5.9011  0.1738E+12  0.8216E+00  0.8519E-06 -0.7222E-04  0.1882E+02  0.000
    5.8607 14  7   12.6900   26.4918   12.6900    0.0000   -4.2692    0.2337    0.0000    0.2038  -10.0000    5.8964  0.1737E+12  0.8467E+00  0.8399E-06 -0.7106E-04  0.1893E+02  0.000
    5.8645 14  7   12.6931   26.2269   12.6931    0.0000   -4.2691    0.2314    0.0000    0.2019  -10.0000    5.8917  0.1736E+12  0.8644E+00  0.8281E-06 -0.6992E-04  0.1905E+02  0.000
    5.8683 14  7   12.6962   25.9646   12.6962    0.0000   -4.2690    0.2292    0.0000    0.2001  -10.0000    5.8869  0.1734E+12  0.8756E+00  0.8164E-06 -0.6878E-04  0.1917E+02  0.000
    5.8721 14  7   12.6993   25.7050   12.6993    0.0000   -4.2689    0.2270    0.0000    0.1982  -10.0000    5.8822  0.1733E+12  0.8812E+00  0.8048E-06 -0.6767E-04  0.1929E+02  0.000
    5.8760 14  7   12.7024   25.4479   12.7024    0.0000   -4.2687    0.2249    0.0000    0.1964  -10.0000    5.8774  0.1732E+12  0.8820E+00  0.7933E-06 -0.6656E-04  0.1941E+02  0.000
    5.8799 14  7   12.7054   25.1934   12.7054    0.0000   -4.2686    0.2227    0.0000    0.1946  -10.0000    5.8726  0.1731E+12  0.8787E+00  0.7820E-06 -0.6547E-04  0.1953E+02  0.000
    5.8838 14  7   12.7084   24.9415   12.7084    0.0000   -4.2685    0.2205    0.0000    0.1929  -10.0000    5.8677  0.1729E+12  0.8719E+00  0.7707E-06 -0.6439E-04  0.1965E+02  0.000
    5.8877 14  7   12.7114   24.6921   12.7114    0.0000   -4.2684    0.2183    0.0000    0.1911  -10.0000    5.8629  0.1728E+12  0.8621E+00  0.7596E-06 -0.6333E-04  0.1977E+02  0.000
    5.8917 14  7   12.7144   24.4452   12.7144    0.0000   -4.2683    0.2162    0.0000    0.1894  -10.0000    5.8580  0.1727E+12  0.8500E+00  0.7486E-06 -0.6227E-04  0.1989E+02  0.000
    5.8957 14  7   12.7173   24.2007   12.7173    0.0000   -4.2682    0.2140    0.0000    0.1878  -10.0000    5.8531  0.1726E+12  0.8357E+00  0.7378E-06 -0.6123E-04  0.2002E+02  0.000
    5.8997 14  7   12.7202   23.9587   12.7202    0.0000   -4.2681    0.2119    0.0000    0.1861  -10.0000    5.8482  0.1725E+12  0.8198E+00  0.7270E-06 -0.6021E-04  0.2014E+02  0.000
    5.9038 14  7   12.7231   23.7191   12.7231    0.0000   -4.2680    0.2098    0.0000    0.1844  -10.0000    5.8432  0.1723E+12  0.8025E+00  0.7164E-06 -0.5919E-04  0.2026E+02  0.000
    5.9078 14  7   12.7260   23.4819   12.7260    0.0000   -4.2679    0.2076    0.0000    0.1828  -10.0000    5.8383  0.1722E+12  0.7841E+00  0.7059E-06 -0.5819E-04  0.2038E+02  0.000
    5.9119 14  7   12.7289   23.2471   12.7289    0.0000   -4.2678    0.2055    0.0000    0.1812  -10.0000    5.8333  0.1721E+12  0.7649E+00  0.6955E-06 -0.5720E-04  0.2051E+02  0.000
    5.9161 14  7   12.7317   23.0146   12.7317    0.0000   -4.2677    0.2034    0.0000    0.1796  -10.0000    5.8283  0.1720E+12  0.7450E+00  0.6852E-06 -0.5623E-04  0.2063E+02  0.000
    5.9202 14  7   12.7345   22.7845   12.7345    0.0000   -4.2677    0.2013    0.0000    0.1781  -10.0000    5.8233  0.1719E+12  0.7247E+00  0.6751E-06 -0.5527E-04  0.2075E+02  0.000
    5.9244 14  7   12.7373   22.5566   12.7373    0.0000   -4.2676    0.1992    0.0000    0.1766  -10.0000    5.8182  0.1718E+12  0.7040E+00  0.6650E-06 -0.5431E-04  0.2088E+02  0.000
    5.9287 14  7   12.7401   22.3311   12.7401    0.0000   -4.2675    0.1971    0.0000    0.1750  -10.0000    5.8132  0.1717E+12  0.6832E+00  0.6551E-06 -0.5338E-04  0.2100E+02  0.000
    5.9329 14  7   12.7428   22.1078   12.7428    0.0000   -4.2674    0.1951    0.0000    0.1735  -10.0000    5.8081  0.1715E+12  0.6624E+00  0.6453E-06 -0.5245E-04  0.2113E+02  0.000
    5.9372 14  7   12.7456   21.8867   12.7456    0.0000   -4.2673    0.1930    0.0000    0.1721  -10.0000    5.8030  0.1714E+12  0.6416E+00  0.6356E-06 -0.5154E-04  0.2125E+02  0.000
    5.9415 14  7   12.7483   21.6678   12.7483    0.0000   -4.2672    0.1909    0.0000    0.1706  -10.0000    5.7978  0.1713E+12  0.6210E+00  0.6261E-06 -0.5063E-04  0.2138E+02  0.000
    5.9459 14  7   12.7509   21.4511   12.7509    0.0000   -4.2671    0.1889    0.0000    0.1692  -10.0000    5.7927  0.1712E+12  0.6006E+00  0.6166E-06 -0.4975E-04  0.2150E+02  0.000
    5.9503 14  7   12.7536   21.2366   12.7536    0.0000   -4.2670    0.1868    0.0000    0.1678  -10.0000    5.7875  0.1711E+12  0.5805E+00  0.6073E-06 -0.4887E-04  0.2163E+02  0.000
    5.9547 14  7   12.7563   21.0243   12.7563    0.0000   -4.2669    0.1848    0.0000    0.1664  -10.0000    5.7823  0.1710E+12  0.5606E+00  0.5980E-06 -0.4800E-04  0.2176E+02  0.000
    5.9592 14  7   12.7589   20.8140   12.7589    0.0000   -4.2668    0.1827    0.0000    0.1650  -10.0000    5.7771  0.1709E+12  0.5412E+00  0.5889E-06 -0.4715E-04  0.2188E+02  0.000
    5.9637 14  7   12.7615   20.6059   12.7615    0.0000   -4.2667    0.1807    0.0000    0.1636  -10.0000    5.7718  0.1708E+12  0.5222E+00  0.5799E-06 -0.4631E-04  0.2201E+02  0.000
    5.9682 14  7   12.7641   20.3998   12.7641    0.0000   -4.2666    0.1787    0.0000    0.1623  -10.0000    5.7666  0.1707E+12  0.5036E+00  0.5710E-06 -0.4547E-04  0.2214E+02  0.000
    5.9728 14  7   12.7666   20.1958   12.7666    0.0000   -4.2666    0.1767    0.0000    0.1609  -10.0000    5.7613  0.1706E+12  0.4854E+00  0.5622E-06 -0.4466E-04  0.2226E+02  0.000
    5.9774 14  7   12.7692   19.9939   12.7692    0.0000   -4.2665    0.1747    0.0000    0.1596  -10.0000    5.7560  0.1705E+12  0.4677E+00  0.5535E-06 -0.4385E-04  0.2239E+02  0.000
    5.9820 14  7   12.7717   19.7939   12.7717    0.0000   -4.2664    0.1726    0.0000    0.1583  -10.0000    5.7507  0.1704E+12  0.4505E+00  0.5449E-06 -0.4305E-04  0.2252E+02  0.000
    5.9867 14  7   12.7742   19.5960   12.7742    0.0000   -4.2663    0.1706    0.0000    0.1571  -10.0000    5.7453  0.1703E+12  0.4338E+00  0.5365E-06 -0.4227E-04  0.2265E+02  0.000
    5.9914 14  7   12.7767   19.4000   12.7767    0.0000   -4.2662    0.1686    0.0000    0.1558  -10.0000    5.7399  0.1702E+12  0.4176E+00  0.5281E-06 -0.4149E-04  0.2278E+02  0.000
    5.9962 14  7   12.7792   19.2060   12.7792    0.0000   -4.2661    0.1666    0.0000    0.1545  -10.0000    5.7346  0.1701E+12  0.4019E+00  0.5198E-06 -0.4073E-04  0.2291E+02  0.000
    6.0010 14  7   12.7817   19.0140   12.7817    0.0000   -4.2660    0.1646    0.0000    0.1533  -10.0000    5.7291  0.1700E+12  0.3867E+00  0.5116E-06 -0.3998E-04  0.2303E+02  0.000
    6.0058 14  7   12.7841   18.8238   12.7841    0.0000   -4.2660    0.1626    0.0000    0.1521  -10.0000    5.7237  0.1699E+12  0.3720E+00  0.5036E-06 -0.3924E-04  0.2316E+02  0.000
    6.0107 14  7   12.7865   18.6356   12.7865    0.0000   -4.2659    0.1606    0.0000    0.1509  -10.0000    5.7182  0.1698E+12  0.3578E+00  0.4956E-06 -0.3851E-04  0.2329E+02  0.000
    6.0156 14  7   12.7889   18.4492   12.7889    0.0000   -4.2658    0.1586    0.0000    0.1497  -10.0000    5.7128  0.1697E+12  0.3440E+00  0.4877E-06 -0.3779E-04  0.2342E+02  0.000
    6.0206 14  7   12.7913   18.2647   12.7913    0.0000   -4.2657    0.1566    0.0000    0.1485  -10.0000    5.7073  0.1696E+12  0.3308E+00  0.4799E-06 -0.3708E-04  0.2355E+02  0.000
    6.0256 14  7   12.7937   18.0821   12.7937    0.0000   -4.2656    0.1546    0.0000    0.1473  -10.0000    5.7017  0.1695E+12  0.3180E+00  0.4722E-06 -0.3638E-04  0.2368E+02  0.000
    6.0307 14  7   12.7960   17.9013   12.7960    0.0000   -4.2656    0.1526    0.0000    0.1462  -10.0000    5.6962  0.1694E+12  0.3057E+00  0.4645E-06 -0.3569E-04  0.2381E+02  0.000
    6.0358 14  7   12.7984   17.7223   12.7984    0.0000   -4.2655    0.1506    0.0000    0.1450  -10.0000    5.6906  0.1693E+12  0.2938E+00  0.4570E-06 -0.3502E-04  0.2394E+02  0.000
    6.0410 14  7   12.8007   17.5450   12.8007    0.0000   -4.2654    0.1485    0.0000    0.1439  -10.0000    5.6850  0.1692E+12  0.2824E+00  0.4495E-06 -0.3435E-04  0.2407E+02  0.000
    6.0462 14  7   12.8030   17.3696   12.8030    0.0000   -4.2653    0.1465    0.0000    0.1427  -10.0000    5.6794  0.1691E+12  0.2714E+00  0.4421E-06 -0.3369E-04  0.2420E+02  0.000
    6.0514 14  7   12.8053   17.1959   12.8053    0.0000   -4.2652    0.1444    0.0000    0.1416  -10.0000    5.6738  0.1691E+12  0.2608E+00  0.4348E-06 -0.3305E-04  0.2433E+02  0.000
    6.0567 14  7   12.8076   17.0239   12.8076    0.0000   -4.2652    0.1424    0.0000    0.1405  -10.0000    5.6681  0.1690E+12  0.2506E+00  0.4276E-06 -0.3241E-04  0.2447E+02  0.000
    6.0621 14  7   12.8098   16.8537   12.8098    0.0000   -4.2651    0.1403    0.0000    0.1394  -10.0000    5.6624  0.1689E+12  0.2409E+00  0.4204E-06 -0.3178E-04  0.2460E+02  0.000
    6.0675 14  7   12.8120   16.6852   12.8120    0.0000   -4.2650    0.1382    0.0000    0.1383  -10.0000    5.6567  0.1688E+12  0.2315E+00  0.4133E-06 -0.3117E-04  0.2473E+02  0.000
    6.0730 14  7   12.8143   16.5183   12.8143    0.0000   -4.2649    0.1360    0.0000    0.1372  -10.0000    5.6510  0.1687E+12  0.2225E+00  0.4063E-06 -0.3056E-04  0.2486E+02  0.000
    6.0785 14  7   12.8165   16.3531   12.8165    0.0000   -4.2649    0.1339    0.0000    0.1361  -10.0000    5.6453  0.1686E+12  0.2139E+00  0.3993E-06 -0.2996E-04  0.2499E+02  0.000
    6.0840 14  7   12.8186   16.1896   12.8186    0.0000   -4.2648    0.1317    0.0000    0.1350  -10.0000    5.6395  0.1685E+12  0.2056E+00  0.3924E-06 -0.2937E-04  0.2512E+02  0.000
    6.0897 14  7   12.8208   16.0277   12.8208    0.0000   -4.2647    0.1295    0.0000    0.1339  -10.0000    5.6337  0.1684E+12  0.1977E+00  0.3856E-06 -0.2879E-04  0.2525E+02  0.000
    6.0953 14  7   12.8230   15.8674   12.8230    0.0000   -4.2646    0.1272    0.0000    0.1328  -10.0000    5.6279  0.1684E+12  0.1901E+00  0.3788E-06 -0.2822E-04  0.2539E+02  0.000
    6.1011 14  7   12.8251   15.7087   12.8251    0.0000   -4.2646    0.1249    0.0000    0.1317  -10.0000    5.6221  0.1683E+12  0.1828E+00  0.3720E-06 -0.2766E-04  0.2552E+02  0.000
    6.1069 14  7   12.8272   15.5517   12.8272    0.0000   -4.2645    0.1226    0.0000    0.1307  -10.0000    5.6162  0.1682E+12  0.1758E+00  0.3653E-06 -0.2711E-04  0.2565E+02  0.000
    6.1127 14  7   12.8293   15.3961   12.8293    0.0000   -4.2644    0.1202    0.0000    0.1296  -10.0000    5.6103  0.1681E+12  0.1692E+00  0.3586E-06 -0.2656E-04  0.2578E+02  0.000
    6.1187 14  7   12.8314   15.2422   12.8314    0.0000   -4.2644    0.1178    0.0000    0.1285  -10.0000    5.6044  0.1680E+12  0.1628E+00  0.3520E-06 -0.2603E-04  0.2591E+02  0.000
    6.1246 14  7   12.8335   15.0898   12.8335    0.0000   -4.2643    0.1153    0.0000    0.1274  -10.0000    5.5985  0.1679E+12  0.1567E+00  0.3454E-06 -0.2550E-04  0.2605E+02  0.000
    6.1307 14  7   12.8355   14.9389   12.8355    0.0000   -4.2642    0.1127    0.0000    0.1263  -10.0000    5.5925  0.1679E+12  0.1509E+00  0.3388E-06 -0.2499E-04  0.2618E+02  0.000
    6.1368 14  7   12.8375   14.7895   12.8375    0.0000   -4.2642    0.1101    0.0000    0.1252  -10.0000    5.5866  0.1678E+12  0.1453E+00  0.3322E-06 -0.2448E-04  0.2631E+02  0.000
    6.1429 14  7   12.8395   14.6416   12.8395    0.0000   -4.2641    0.1074    0.0000    0.1240  -10.0000    5.5806  0.1677E+12  0.1400E+00  0.3257E-06 -0.2398E-04  0.2645E+02  0.000
    6.1492 14  7   12.8415   14.4952   12.8415    0.0000   -4.2640    0.1046    0.0000    0.1229  -10.0000    5.5745  0.1676E+12  0.1350E+00  0.3191E-06 -0.2349E-04  0.2658E+02  0.000
    6.1555 14  7   12.8435   14.3502   12.8435    0.0000   -4.2640    0.1016    0.0000    0.1218  -10.0000    5.5685  0.1676E+12  0.1302E+00  0.3126E-06 -0.2301E-04  0.2671E+02  0.000
    6.1618 14  7   12.8455   14.2067   12.8455    0.0000   -4.2639    0.0986    0.0000    0.1206  -10.0000    5.5624  0.1675E+12  0.1256E+00  0.3061E-06 -0.2253E-04  0.2684E+02  0.000
    6.1683 14  7   12.8474   14.0646   12.8474    0.0000   -4.2638    0.0955    0.0000    0.1194  -10.0000    5.5564  0.1674E+12  0.1213E+00  0.2996E-06 -0.2206E-04  0.2698E+02  0.000
    6.1748 14  7   12.8493   13.9240   12.8493    0.0000   -4.2638    0.0922    0.0000    0.1182  -10.0000    5.5502  0.1673E+12  0.1172E+00  0.2930E-06 -0.2160E-04  0.2711E+02  0.000
    6.1814 14  7   12.8512   13.7848   12.8512    0.0000   -4.2637    0.0888    0.0000    0.1170  -10.0000    5.5441  0.1673E+12  0.1133E+00  0.2865E-06 -0.2115E-04  0.2724E+02  0.000
    6.1880 14  7   12.8530   13.6469   12.8530    0.0000   -4.2636    0.0853    0.0000    0.1157  -10.0000    5.5380  0.1672E+12  0.1096E+00  0.2799E-06 -0.2071E-04  0.2738E+02  0.000
    6.1948 14  7   12.8549   13.5104   12.8549    0.0000   -4.2636    0.0816    0.0000    0.1145  -10.0000    5.5318  0.1671E+12  0.1061E+00  0.2733E-06 -0.2027E-04  0.2751E+02  0.000
    6.2016 14  7   12.8567   13.3753   12.8567    0.0000   -4.2635    0.0777    0.0000    0.1131  -10.0000    5.5256  0.1670E+12  0.1028E+00  0.2667E-06 -0.1985E-04  0.2764E+02  0.000
    6.2085 14  7   12.8585   13.2416   12.8585    0.0000   -4.2634    0.0736    0.0000    0.1118  -10.0000    5.5194  0.1670E+12  0.9972E-01  0.2600E-06 -0.1943E-04  0.2778E+02  0.000
    6.2154 14  7   12.8603   13.1092   12.8603    0.0000   -4.2634    0.0692    0.0000    0.1104  -10.0000    5.5131  0.1669E+12  0.9682E-01  0.2533E-06 -0.1901E-04  0.2791E+02  0.000
    6.2225 14  7   12.8620   12.9781   12.8620    0.0000   -4.2633    0.0647    0.0000    0.1090  -10.0000    5.5068  0.1668E+12  0.9412E-01  0.2466E-06 -0.1861E-04  0.2804E+02  0.000
    6.2296 14  7   12.8637   12.8483   12.8637    0.0000   -4.2633    0.0599    0.0000    0.1075  -10.0000    5.5005  0.1668E+12  0.9160E-01  0.2397E-06 -0.1821E-04  0.2818E+02  0.000
    6.2368 14  7   12.8654   12.7198   12.8654    0.0000   -4.2632    0.0547    0.0000    0.1060  -10.0000    5.4942  0.1667E+12  0.8928E-01  0.2329E-06 -0.1782E-04  0.2831E+02  0.000
    6.2441 14  7   12.8670   12.5926   12.8670    0.0000   -4.2632    0.0493    0.0000    0.1045  -10.0000    5.4879  0.1666E+12  0.8714E-01  0.2259E-06 -0.1743E-04  0.2844E+02  0.000
    6.2515 14  7   12.8686   12.4667   12.8686    0.0000   -4.2631    0.0435    0.0000    0.1028  -10.0000    5.4815  0.1666E+12  0.8519E-01  0.2189E-06 -0.1705E-04  0.2858E+02  0.000
    6.2590 14  7   12.8702   12.3420   12.8702    0.0000   -4.2630    0.0374    0.0000    0.1011  -10.0000    5.4751  0.1665E+12  0.8344E-01  0.2118E-06 -0.1668E-04  0.2871E+02  0.000
    6.2665 14  7   12.8718   12.2186   12.8718    0.0000   -4.2630    0.0308    0.0000    0.0994  -10.0000    5.4687  0.1664E+12  0.8188E-01  0.2046E-06 -0.1632E-04  0.2885E+02  0.000
    6.2742 14  7   12.8733   12.0964   12.8733    0.0000   -4.2629    0.0238    0.0000    0.0976  -10.0000    5.4623  0.1664E+12  0.8053E-01  0.1973E-06 -0.1596E-04  0.2898E+02  0.000
    6.2765 14  7   12.8737   12.0604   12.8737    0.0000   -4.2629    0.0216    0.0000    0.0970  -10.0000    5.4604  0.1664E+12  0.8020E-01  0.1900E-06 -0.1561E-04  0.2902E+02  0.000
    6.2765 14  7   12.8737   12.0604   12.8737    0.0000   -4.2629    0.0216    0.0000    0.0970  -10.0000    5.4604  0.1664E+12  0.8019E-01  0.1878E-06 -0.1551E-04  0.2902E+02  0.000
    6.2765 14  8   12.8737   12.0603   12.8737    8.5018   -4.2629    0.0216    0.0000    0.0970  -10.0000    5.4604  0.1664E+12  0.4034E+00  0.1877E-06 -0.1551E-04  0.2902E+02  0.000
    6.2774 14  8   12.8739   12.0461   12.8739    8.5232   -4.2629    0.0228    0.0000    0.0973  -10.0000    5.4658  0.1664E+12  0.3933E+00  0.1878E-06 -0.1551E-04  0.2904E+02  0.000
    6.2783 14  8   12.8741   12.0317   12.8741    8.5447   -4.2629    0.0239    0.0000    0.0975  -10.0000    5.4713  0.1664E+12  0.3832E+00  0.1924E-06 -0.1580E-04  0.2905E+02  0.000
    6.2792 14  8   12.8742   12.0171   12.8742    8.5662   -4.2629    0.0251    0.0000    0.0977  -10.0000    5.4767  0.1664E+12  0.3730E+00  0.1972E-06 -0.1610E-04  0.2907E+02  0.000
    6.2801 14  8   12.8744   12.0025   12.8744    8.5877   -4.2629    0.0263    0.0000    0.0980  -10.0000    5.4822  0.1663E+12  0.3630E+00  0.2021E-06 -0.1641E-04  0.2908E+02  0.000
    6.2810 14  8   12.8746   11.9877   12.8746    8.6093   -4.2629    0.0275    0.0000    0.0982  -10.0000    5.4877  0.1663E+12  0.3529E+00  0.2072E-06 -0.1672E-04  0.2910E+02  0.000
    6.2819 14  8   12.8748   11.9728   12.8748    8.6310   -4.2629    0.0287    0.0000    0.0985  -10.0000    5.4931  0.1663E+12  0.3429E+00  0.2124E-06 -0.1704E-04  0.2912E+02  0.000
    6.2827 14  8   12.8750   11.9577   12.8750    8.6527   -4.2629    0.0299    0.0000    0.0987  -10.0000    5.4986  0.1663E+12  0.3329E+00  0.2177E-06 -0.1736E-04  0.2913E+02  0.000
    6.2836 14  8   12.8752   11.9426   12.8752    8.6745   -4.2629    0.0312    0.0000    0.0990  -10.0000    5.5040  0.1663E+12  0.3230E+00  0.2232E-06 -0.1770E-04  0.2915E+02  0.000
    6.2844 14  8   12.8754   11.9272   12.8754    8.6963   -4.2629    0.0324    0.0000    0.0992  -10.0000    5.5095  0.1663E+12  0.3131E+00  0.2288E-06 -0.1803E-04  0.2917E+02  0.000
    6.2853 14  8   12.8756   11.9118   12.8756    8.7182   -4.2629    0.0337    0.0000    0.0995  -10.0000    5.5149  0.1663E+12  0.3033E+00  0.2346E-06 -0.1837E-04  0.2918E+02  0.000
    6.2861 14  8   12.8758   11.8962   12.8758    8.7401   -4.2629    0.0350    0.0000    0.0998  -10.0000    5.5204  0.1663E+12  0.2935E+00  0.2406E-06 -0.1872E-04  0.2920E+02  0.000
    6.2869 14  8   12.8760   11.8805   12.8760    8.7621   -4.2629    0.0363    0.0000    0.1000  -10.0000    5.5259  0.1663E+12  0.2838E+00  0.2467E-06 -0.1908E-04  0.2922E+02  0.000
    6.2878 14  8   12.8762   11.8646   12.8762    8.7841   -4.2628    0.0376    0.0000    0.1003  -10.0000    5.5313  0.1663E+12  0.2741E+00  0.2530E-06 -0.1944E-04  0.2924E+02  0.000
    6.2886 14  8   12.8764   11.8486   12.8764    8.8062   -4.2628    0.0390    0.0000    0.1006  -10.0000    5.5368  0.1663E+12  0.2646E+00  0.2595E-06 -0.1981E-04  0.2925E+02  0.000
    6.2894 14  8   12.8766   11.8325   12.8766    8.8284   -4.2628    0.0404    0.0000    0.1009  -10.0000    5.5422  0.1663E+12  0.2551E+00  0.2662E-06 -0.2019E-04  0.2927E+02  0.000
    6.2902 14  8   12.8768   11.8162   12.8768    8.8506   -4.2628    0.0418    0.0000    0.1012  -10.0000    5.5477  0.1663E+12  0.2457E+00  0.2731E-06 -0.2057E-04  0.2929E+02  0.000
    6.2909 14  8   12.8770   11.7998   12.8770    8.8729   -4.2628    0.0432    0.0000    0.1015  -10.0000    5.5531  0.1662E+12  0.2364E+00  0.2802E-06 -0.2097E-04  0.2931E+02  0.000
    6.2917 14  8   12.8773   11.7832   12.8773    8.8952   -4.2628    0.0446    0.0000    0.1018  -10.0000    5.5586  0.1662E+12  0.2272E+00  0.2875E-06 -0.2136E-04  0.2933E+02  0.000
    6.2925 14  8   12.8775   11.7665   12.8775    8.9176   -4.2628    0.0461    0.0000    0.1021  -10.0000    5.5640  0.1662E+12  0.2181E+00  0.2950E-06 -0.2177E-04  0.2934E+02  0.000
    6.2932 14  8   12.8777   11.7496   12.8777    8.9400   -4.2628    0.0476    0.0000    0.1024  -10.0000    5.5695  0.1662E+12  0.2092E+00  0.3028E-06 -0.2219E-04  0.2936E+02  0.000
    6.2940 14  8   12.8780   11.7326   12.8780    8.9625   -4.2628    0.0491    0.0000    0.1028  -10.0000    5.5750  0.1662E+12  0.2003E+00  0.3108E-06 -0.2261E-04  0.2938E+02  0.000
    6.2943 14 14   12.8781   11.7248   12.8781   11.7248   -4.2628   -4.3035    0.0000    0.0000  -10.0000  -10.0000  0.1662E+12  0.2000E+09  0.3191E-06 -0.2304E-04  0.2937E+02  0.000
    6.3943 14 14   12.8781   11.7248   12.8781   11.7248   -4.2628   -4.3035    0.0000    0.0000  -10.0000  -10.0000  0.1662E+12  0.2000E+09  0.0000E+00  0.0000E+00  0.2937E+02  0.000
    7.3943 14 14   12.8781   11.7248   12.8781   11.7248   -4.2628   -4.3035    0.0000    0.0000  -10.0000  -10.0000  0.1662E+12  0.2000E+09  0.0000E+00  0.0000E+00  0.2937E+02  0.000
   10.0000 14 14   12.8781   11.7248   12.8781   11.7248   -4.2628   -4.3035    0.0000    0.0000  -10.0000  -10.0000  0.1662E+12  0.2000E+09  0.0000E+00  0.0000E+00  0.2937E+02  0.000
   10.0000 14 14   12.8781   11.7248   12.8781   11.7248   -4.2628   -4.3035    0.0000    0.0000  -10.0000  -10.0000  0.1662E+12  0.2000E+09 -0.0000E+00  0.0000E+00  0.2937E+02  0.000