    0.0000  1  1   95.0000   45.0000    0.0000    0.0000    1.1389    0.9400    0.2227    0.1980    6.0556    5.4429  0.5489E+03  0.9707E+03  0.0000E+00  0.0000E+00  0.1390E+03  0.000
    0.1743  1  1   94.4133   44.9448    0.0000    0.0000    1.1500    0.9482    0.2277    0.2007    6.0616    5.4504  0.5052E+03  0.9459E+03 -0.3366E-05 -0.3167E-06  0.1396E+03  0.000
    0.3489  1  1   93.8037   44.8878    0.0000    0.0000    1.1613    0.9564    0.2329    0.2033    6.0682    5.4582  0.4620E+03  0.9209E+03 -0.3492E-05 -0.3266E-06  0.1402E+03  0.000
    0.5237  1  1   93.1690   44.8289    0.0000    0.0000    1.1729    0.9648    0.2383    0.2060    6.0754    5.4664  0.4193E+03  0.8955E+03 -0.3630E-05 -0.3369E-06  0.1409E+03  0.000
    0.6989  1  1   92.5066   44.7680    0.0000    0.0000    1.1852    0.9733    0.2443    0.2088    6.0832    5.4748  0.3770E+03  0.8696E+03 -0.3782E-05 -0.3477E-06  0.1416E+03  0.000
    0.8743  1  1   91.8131   44.7050    0.0000    0.0000    1.1984    0.9822    0.2508    0.2116    6.0915    5.4836  0.3353E+03  0.8430E+03 -0.3952E-05 -0.3590E-06  0.1423E+03  0.000
    1.0501  1  1   91.0849   44.6398    0.0000    0.0000    1.2128    0.9913    0.2582    0.2146    6.1002    5.4928  0.2944E+03  0.8156E+03 -0.4142E-05 -0.3706E-06  0.1431E+03  0.000
    1.2263  1  1   90.3174   44.5724    0.0000    0.0000    1.2284    1.0009    0.2665    0.2178    6.1094    5.5022  0.2546E+03  0.7874E+03 -0.4356E-05 -0.3827E-06  0.1439E+03  0.000
    1.4029  1  1   89.5055   44.5027    0.0000    0.0000    1.2457    1.0110    0.2761    0.2211    6.1189    5.5121  0.2164E+03  0.7581E+03 -0.4598E-05 -0.3949E-06  0.1448E+03  0.000
    1.5799  1  1   88.6432   44.4306    0.0000    0.0000    1.2648    1.0216    0.2871    0.2247    6.1286    5.5222  0.1804E+03  0.7278E+03 -0.4872E-05 -0.4072E-06  0.1457E+03  0.000
    1.7509  1  1   87.7567   44.3589    0.0000    0.0000    1.2851    1.0324    0.2995    0.2284    6.1381    5.5323  0.1486E+03  0.6974E+03 -0.5183E-05 -0.4192E-06  0.1467E+03  0.000
    1.9098  1  1   86.8792   44.2906    0.0000    0.0000    1.3059    1.0430    0.3127    0.2321    6.1470    5.5420  0.1229E+03  0.6681E+03 -0.5523E-05 -0.4303E-06  0.1476E+03  0.000
    2.0576  1  1   86.0104   44.2256    0.0000    0.0000    1.3271    1.0534    0.3269    0.2358    6.1552    5.5512  0.1031E+03  0.6400E+03 -0.5879E-05 -0.4395E-06  0.1485E+03  0.000
    2.1952  1  1   85.1503   44.1642    0.0000    0.0000    1.3487    1.0636    0.3423    0.2395    6.1626    5.5600  0.8932E+02  0.6131E+03 -0.6251E-05 -0.4465E-06  0.1493E+03  0.000
    2.3234  1  1   84.2988   44.1063    0.0000    0.0000    1.3709    1.0736    0.3589    0.2432    6.1693    5.5683  0.8130E+02  0.5874E+03 -0.6638E-05 -0.4509E-06  0.1501E+03  0.000
    2.4432  1  1   83.4558   44.0522    0.0000    0.0000    1.3937    1.0833    0.3770    0.2469    6.1753    5.5763  0.7859E+02  0.5629E+03 -0.7041E-05 -0.4523E-06  0.1509E+03  0.000
    2.5550  1  1   82.6212   44.0019    0.0000    0.0000    1.4173    1.0929    0.3970    0.2507    6.1806    5.5839  0.8036E+02  0.5398E+03 -0.7463E-05 -0.4501E-06  0.1516E+03  0.000
    2.6595  1  1   81.7950   43.9555    0.0000    0.0000    1.4417    1.1022    0.4190    0.2545    6.1852    5.5911  0.8534E+02  0.5183E+03 -0.7904E-05 -0.4433E-06  0.1522E+03  0.000
    2.7573  1  1   80.9771   43.9134    0.0000    0.0000    1.4671    1.1114    0.4434    0.2584    6.1891    5.5980  0.9179E+02  0.4984E+03 -0.8369E-05 -0.4311E-06  0.1528E+03  0.000
    2.8486  1  1   80.1673   43.8757    0.0000    0.0000    1.4935    1.1203    0.4705    0.2623    6.1924    5.6046  0.9437E+02  0.4803E+03 -0.8860E-05 -0.4124E-06  0.1533E+03  0.000
    2.9341  1  1   79.3656   43.8427    0.0000    0.0000    1.5210    1.1291    0.5006    0.2661    6.1950    5.6109  0.9183E+02  0.4640E+03 -0.9381E-05 -0.3860E-06  0.1538E+03  0.000
    3.0140  1  1   78.5720   43.8147    0.0000    0.0000    1.5497    1.1376    0.5342    0.2700    6.1970    5.6169  0.9016E+02  0.4495E+03 -0.9935E-05 -0.3505E-06  0.1543E+03  0.000
    3.0886  1  1   77.7862   43.7920    0.0000    0.0000    1.5795    1.1460    0.5718    0.2739    6.1984    5.6227  0.8844E+02  0.4367E+03 -0.1053E-04 -0.3040E-06  0.1546E+03  0.000
    3.1584  1  1   77.0084   43.7750    0.0000    0.0000    1.6102    1.1541    0.6137    0.2778    6.1991    5.6282  0.8685E+02  0.4260E+03 -0.1115E-04 -0.2446E-06  0.1550E+03  0.000
    3.2235  1  1   76.2383   43.7639    0.0000    0.0000    1.6419    1.1621    0.6606    0.2819    6.1994    5.6335  0.8537E+02  0.4176E+03 -0.1182E-04 -0.1701E-06  0.1552E+03  0.000
    3.2707  1  1   75.6469   43.7602    0.0000    0.0000    1.6668    1.1681    0.7007    0.2853    6.1991    5.6375  0.9005E+02  0.4131E+03 -0.1253E-04 -0.7812E-07  0.1552E+03  0.000
    3.3071  1  1   75.1700   43.7604    0.0000    0.0000    1.6872    1.1729    0.7357    0.2881    6.1987    5.6406  0.9263E+02  0.4114E+03 -0.1310E-04  0.6719E-08  0.1551E+03  0.000
    3.3354  1  1   74.7858   43.7628    0.0000    0.0000    1.7038    1.1767    0.7659    0.2905    6.1982    5.6431  0.9537E+02  0.4115E+03 -0.1358E-04  0.8489E-07  0.1550E+03  0.000
    3.3592  1  1   74.4522   43.7665    0.0000    0.0000    1.7184    1.1799    0.7935    0.2927    6.1977    5.6453  0.9684E+02  0.4127E+03 -0.1398E-04  0.1550E-06  0.1548E+03  0.000
    3.3789  1  1   74.1698   43.7709    0.0000    0.0000    1.7308    1.1827    0.8181    0.2946    6.1971    5.6471  0.9869E+02  0.4147E+03 -0.1434E-04  0.2212E-06  0.1547E+03  0.000
    3.3963  1  1   73.9149   43.7758    0.0000    0.0000    1.7421    1.1852    0.8412    0.2963    6.1966    5.6487  0.9964E+02  0.4172E+03 -0.1464E-04  0.2817E-06  0.1545E+03  0.000
    3.4112  1  1   73.6927   43.7809    0.0000    0.0000    1.7520    1.1873    0.8621    0.2979    6.1961    5.6501  0.1010E+03  0.4201E+03 -0.1492E-04  0.3396E-06  0.1543E+03  0.000
    3.4248  1  1   73.4873   43.7862    0.0000    0.0000    1.7612    1.1893    0.8820    0.2994    6.1956    5.6514  0.1017E+03  0.4233E+03 -0.1517E-04  0.3931E-06  0.1542E+03  0.000
    3.4366  1  1   73.3047   43.7915    0.0000    0.0000    1.7694    1.1911    0.9003    0.3007    6.1951    5.6525  0.1028E+03  0.4266E+03 -0.1540E-04  0.4450E-06  0.1540E+03  0.000
    3.4476  1  1   73.1332   43.7969    0.0000    0.0000    1.7771    1.1927    0.9179    0.3020    6.1946    5.6536  0.1033E+03  0.4302E+03 -0.1561E-04  0.4932E-06  0.1538E+03  0.000
    3.4574  1  1   72.9785   43.8022    0.0000    0.0000    1.7841    1.1942    0.9343    0.3032    6.1941    5.6546  0.1041E+03  0.4339E+03 -0.1581E-04  0.5403E-06  0.1536E+03  0.000
    3.4666  1  1   72.8317   43.8075    0.0000    0.0000    1.7907    1.1956    0.9501    0.3044    6.1937    5.6555  0.1046E+03  0.4377E+03 -0.1599E-04  0.5845E-06  0.1535E+03  0.000
    3.4749  1  1   72.6977   43.8127    0.0000    0.0000    1.7968    1.1969    0.9650    0.3055    6.1933    5.6563  0.1053E+03  0.4414E+03 -0.1617E-04  0.6277E-06  0.1533E+03  0.000
    3.4827  1  1   72.5695   43.8180    0.0000    0.0000    1.8026    1.1981    0.9794    0.3065    6.1928    5.6571  0.1056E+03  0.4454E+03 -0.1633E-04  0.6685E-06  0.1531E+03  0.000
    3.4899  1  1   72.4515   43.8230    0.0000    0.0000    1.8079    1.1992    0.9930    0.3075    6.1924    5.6579  0.1062E+03  0.4492E+03 -0.1648E-04  0.7086E-06  0.1530E+03  0.000
    3.4933  1  1   72.3953   43.8256    0.0000    0.0000    1.8105    1.1997    0.9995    0.3080    6.1923    5.6582  0.1064E+03  0.4512E+03 -0.1662E-04  0.7466E-06  0.1529E+03  0.000
    3.4940  1  1   72.3829   43.8261    0.0000    0.0000    1.8110    1.1999    1.0010    0.3081    6.1922    5.6583  0.1064E+03  0.4516E+03  0.0000E+00  0.0000E+00  0.1529E+03  0.000
    3.4940  1  1   72.3827   43.8261    0.0000    0.0000    1.8111    1.1999    1.0011    0.3081    6.1922    5.6583  0.1070E+03  0.4516E+03 -0.1669E-04  0.7658E-06  0.1528E+03  0.000
    3.4940  1  1   72.3823   43.8262    0.0000    0.0000    1.8111    1.1999    1.0013    0.3082    6.1922    5.6583  0.1077E+03  0.4516E+03 -0.1669E-04  0.7657E-06  0.1528E+03  0.000
    3.4941  1  1   72.3813   43.8262    0.0000    0.0000    1.8111    1.1999    1.0016    0.3083    6.1922    5.6583  0.1090E+03  0.4517E+03 -0.1669E-04  0.7655E-06  0.1528E+03  0.000
    3.4942  1  1   72.3795   43.8263    0.0000    0.0000    1.8112    1.1999    1.0022    0.3084    6.1922    5.6583  0.1109E+03  0.4517E+03 -0.1669E-04  0.7651E-06  0.1527E+03  0.000
    3.4944  1  1   72.3759   43.8264    0.0000    0.0000    1.8114    1.1999    1.0031    0.3085    6.1922    5.6583  0.1129E+03  0.4519E+03 -0.1668E-04  0.7645E-06  0.1527E+03  0.000
    3.4949  1  1   72.3686   43.8268    0.0000    0.0000    1.8117    1.2000    1.0039    0.3086    6.1922    5.6584  0.1129E+03  0.4522E+03 -0.1667E-04  0.7637E-06  0.1527E+03  0.000
    3.4957  1  1   72.3541   43.8274    0.0000    0.0000    1.8124    1.2001    1.0055    0.3087    6.1921    5.6585  0.1127E+03  0.4527E+03 -0.1667E-04  0.7635E-06  0.1527E+03  0.000
    3.4975  1  1   72.3250   43.8288    0.0000    0.0000    1.8137    1.2004    1.0086    0.3088    6.1920    5.6587  0.1122E+03  0.4539E+03 -0.1667E-04  0.7631E-06  0.1526E+03  0.000
    3.5010  1  1   72.2668   43.8314    0.0000    0.0000    1.8163    1.2010    1.0151    0.3092    6.1918    5.6590  0.1111E+03  0.4561E+03 -0.1666E-04  0.7623E-06  0.1526E+03  0.000
    3.5079  1  1   72.1506   43.8368    0.0000    0.0000    1.8217    1.2021    1.0282    0.3099    6.1914    5.6597  0.1091E+03  0.4605E+03 -0.1664E-04  0.7608E-06  0.1526E+03  0.000
    3.5219  1  1   71.9186   43.8473    0.0000    0.0000    1.8327    1.2043    1.0553    0.3112    6.1906    5.6612  0.1052E+03  0.4689E+03 -0.1662E-04  0.7588E-06  0.1526E+03  0.000
    3.5436  1  1   71.5590   43.8639    0.0000    0.0000    1.8502    1.2078    1.1006    0.3135    6.1893    5.6635  0.1011E+03  0.4805E+03 -0.1657E-04  0.7622E-06  0.1525E+03  0.000
    3.5653  1  1   71.2012   43.8813    0.0000    0.0000    1.8551    1.2114    1.1159    0.3161    6.1925    5.6657  0.1006E+03  0.4915E+03 -0.1652E-04  0.8052E-06  0.1523E+03  0.000
    3.5866  1  1   70.8452   43.8995    0.0000    0.0000    1.7269    1.2150    0.8328    0.3188    6.2106    5.6680  0.1305E+03  0.5021E+03 -0.1666E-04  0.8492E-06  0.1521E+03  0.000
    3.5866  1  1   70.8452   43.8995    0.0000    0.0000    1.7269    1.2150    0.8328    0.3188    6.2106    5.6680  0.1305E+03  0.5021E+03 -0.1656E-04  0.7503E-06  0.1521E+03  0.000
    3.5869  1  1   70.8421   43.8995    0.0000    0.0000    1.7244    1.2150    0.8276    0.3186    6.2109    5.6680  0.1277E+03  0.5021E+03 -0.1498E-04  0.3018E-06  0.1522E+03  0.000
    3.5869  2  1   70.8421   43.8995   30.2953    0.0000    1.7084    1.2150    0.7976    0.3186    6.2109    5.6680  0.2350E+03  0.5021E+03 -0.1492E-04  0.2876E-06  0.1522E+03  0.000
    3.5870  2  1   70.8315   43.9003   30.3256    0.0000    1.7921    1.2150    0.9672    0.3186    6.2113    5.6681  0.1711E+03  0.5027E+03 -0.6474E-04  0.4811E-05  0.1522E+03  0.000
    3.5870  2  1   70.8297   43.9005   30.3306    0.0000    1.8059    1.2150    0.9984    0.3186    6.2114    5.6681  0.1622E+03  0.5028E+03 -0.6496E-04  0.6023E-05  0.1522E+03  0.000
    3.5870  2  1   70.8296   43.9005   30.3309    0.0000    1.8069    1.2150    1.0008    0.3186    6.2114    5.6681  0.1615E+03  0.5028E+03  0.0000E+00  0.0000E+00  0.1522E+03  0.000
    3.5870  2  1   70.8296   43.9005   30.3310    0.0000    1.8071    1.2150    1.0012    0.3186    6.2114    5.6681  0.1618E+03  0.5028E+03 -0.6500E-04  0.6248E-05  0.1522E+03  0.000
    3.5870  2  1   70.8295   43.9005   30.3311    0.0000    1.8074    1.2150    1.0020    0.3186    6.2114    5.6681  0.1619E+03  0.5028E+03 -0.6500E-04  0.6248E-05  0.1522E+03  0.000
    3.5870  2  1   70.8294   43.9005   30.3314    0.0000    1.8081    1.2150    1.0035    0.3186    6.2114    5.6681  0.1619E+03  0.5029E+03 -0.6500E-04  0.6248E-05  0.1522E+03  0.000
    3.5870  2  1   70.8293   43.9005   30.3318    0.0000    1.8095    1.2150    1.0066    0.3186    6.2114    5.6681  0.1621E+03  0.5029E+03 -0.6500E-04  0.6249E-05  0.1522E+03  0.000
    3.5871  2  1   70.8289   43.9006   30.3328    0.0000    1.8121    1.2151    1.0128    0.3186    6.2114    5.6681  0.1624E+03  0.5029E+03 -0.6501E-04  0.6249E-05  0.1522E+03  0.000
    3.5871  2  1   70.8282   43.9006   30.3348    0.0000    1.8175    1.2151    1.0254    0.3186    6.2114    5.6681  0.1630E+03  0.5030E+03 -0.6502E-04  0.6250E-05  0.1522E+03  0.000
    3.5871  2  1   70.8269   43.9008   30.3386    0.0000    1.8282    1.2151    1.0510    0.3186    6.2115    5.6681  0.1641E+03  0.5031E+03 -0.6503E-04  0.6252E-05  0.1522E+03  0.000
    3.5871  2  1   70.8242   43.9010   30.3464    0.0000    1.8497    1.2151    1.1042    0.3186    6.2116    5.6681  0.1664E+03  0.5033E+03 -0.6506E-04  0.6260E-05  0.1522E+03  0.000
    3.5872  2  1   70.8187   43.9016   30.3619    0.0000    1.8925    1.2151    1.2188    0.3186    6.2118    5.6681  0.1707E+03  0.5038E+03 -0.6516E-04  0.6304E-05  0.1522E+03  0.000
    3.5874  2  1   70.8080   43.9026   30.3922    0.0000    1.9763    1.2151    1.4780    0.3186    6.2123    5.6681  0.1782E+03  0.5047E+03 -0.6556E-04  0.6607E-05  0.1522E+03  0.000
    3.5875  2  1   70.7968   43.9041   30.4225    0.0000    2.0601    1.2152    1.7924    0.3186    6.2127    5.6682  0.1846E+03  0.5060E+03 -0.6800E-04  0.8855E-05  0.1522E+03  0.000
    3.5877  2  1   70.7847   43.9065   30.4528    0.0000    2.1438    1.2152    2.1736    0.3186    6.2131    5.6682  0.1898E+03  0.5081E+03 -0.7417E-04  0.1483E-04  0.1522E+03  0.000
    3.5879  2  1   70.7706   43.9108   30.4831    0.0000    2.2276    1.2152    2.6361    0.3186    6.2136    5.6683  0.1938E+03  0.5118E+03 -0.8590E-04  0.2636E-04  0.1522E+03  0.000
    3.5880  2  1   70.7534   43.9182   30.5134    0.0000    2.3113    1.2152    3.1971    0.3185    6.2140    5.6684  0.1964E+03  0.5179E+03 -0.1050E-03  0.4527E-04  0.1522E+03  0.000
    3.5882  2  1   70.7316   43.9302   30.5437    0.0000    2.3951    1.2152    3.8778    0.3185    6.2144    5.6686  0.1971E+03  0.5277E+03 -0.1333E-03  0.7338E-04  0.1522E+03  0.000
    3.5884  2  1   70.7033   43.9487   30.5740    0.0000    2.4789    1.2151    4.7040    0.3184    6.2149    5.6689  0.1957E+03  0.5425E+03 -0.1727E-03  0.1125E-03  0.1522E+03  0.000
    3.5885  2  1   70.6665   43.9756   30.6043    0.0000    2.5627    1.2150    5.7072    0.3182    6.2153    5.6692  0.1916E+03  0.5640E+03 -0.2249E-03  0.1645E-03  0.1522E+03  0.000
    3.5887  2  1   70.6188   44.0134   30.6346    0.0000    2.6466    1.2149    6.9260    0.3181    6.2158    5.6697  0.1842E+03  0.5941E+03 -0.2918E-03  0.2312E-03  0.1522E+03  0.000
    3.5888  2  1   70.5573   44.0649   30.6649    0.0000    2.7304    1.2146    8.4077    0.3178    6.2162    5.6704  0.1732E+03  0.6348E+03 -0.3752E-03  0.3144E-03  0.1521E+03  0.000
    3.5890  2  1   70.4793   44.1330   30.6951    0.0000    2.8143    1.2143   10.2109    0.3176    6.2166    5.6713  0.1583E+03  0.6884E+03 -0.4770E-03  0.4159E-03  0.1521E+03  0.000
    3.5892  2  1   70.3812   44.2210   30.7254    0.0000    2.8983    1.2139   12.4086    0.3173    6.2171    5.6725  0.1396E+03  0.7574E+03 -0.5991E-03  0.5377E-03  0.1519E+03  0.000
    3.5893  2  1   70.2595   44.3326   30.7557    0.0000    2.9823    1.2134   15.0919    0.3170    6.2175    5.6739  0.1178E+03  0.8446E+03 -0.7434E-03  0.6817E-03  0.1517E+03  0.000
    3.5895  2  1   70.1102   44.4718   30.7860    0.0000    3.0664    1.2127   18.3760    0.3168    6.2179    5.6757  0.9400E+02  0.9527E+03 -0.9120E-03  0.8500E-03  0.1514E+03  0.000
    3.5897  2  1   69.9290   44.6428   30.8163    0.0000    3.1506    1.2119   22.4067    0.3167    6.2184    5.6779  0.6991E+02  0.1085E+04 -0.1107E-02  0.1045E-02  0.1509E+03  0.000
    3.5898  2  1   69.7111   44.8504   30.8466    0.0000    3.2350    1.2110   27.3704    0.3168    6.2188    5.6806  0.4755E+02  0.1244E+04 -0.1331E-02  0.1268E-02  0.1503E+03  0.000
    3.5900  2  1   69.4515   45.0997   30.8769    0.0000    3.3195    1.2100   33.5048    0.3171    6.2192    5.6838  0.2829E+02  0.1433E+04 -0.1586E-02  0.1523E-02  0.1494E+03  0.000
    3.5901  4  1   69.2063   45.3365   30.9011    0.0000    3.3871    1.2090   39.4709    0.3177    6.2196    5.6868  0.5456E+01  0.1611E+04 -0.1875E-02  0.1811E-02  0.1485E+03  0.000
    3.5902  4  1   68.8603   45.6767   30.9022    0.0000    3.3880    1.2077   40.1906    0.3201    6.2196    5.6911  0.2127E+02  0.1865E+04 -0.3796E-02  0.3732E-02  0.1465E+03  0.000
    3.5903  4  1   68.5160   46.0153   30.9033    0.0000    3.3888    1.2065   40.8229    0.3217    6.2196    5.6954  0.3340E+02  0.2050E+04 -0.3852E-02  0.3787E-02  0.1449E+03  0.000
    3.5904  4  1   68.1734   46.3522   30.9043    0.0000    3.3897    1.2053   41.3074    0.3223    6.2197    5.6996  0.4244E+02  0.2066E+04 -0.3900E-02  0.3836E-02  0.1439E+03  0.000
    3.5905  4  1   67.8326   46.6874   30.9053    0.0000    3.3905    1.2043   41.7619    0.3226    6.2197    5.7038  0.4918E+02  0.2081E+04 -0.3937E-02  0.3872E-02  0.1430E+03  0.000
    3.5906  4  1   67.4934   47.0210   30.9063    0.0000    3.3913    1.2033   42.1933    0.3228    6.2197    5.7080  0.5419E+02  0.2096E+04 -0.3972E-02  0.3907E-02  0.1421E+03  0.000
    3.5907  4  1   67.1559   47.3529   30.9074    0.0000    3.3922    1.2024   42.6066    0.3228    6.2197    5.7121  0.5789E+02  0.2111E+04 -0.4005E-02  0.3939E-02  0.1414E+03  0.000
    3.5907  4  1   66.8201   47.6832   30.9083    0.0000    3.3930    1.2015   43.0054    0.3228    6.2197    5.7162  0.6059E+02  0.2125E+04 -0.4037E-02  0.3970E-02  0.1407E+03  0.000
    3.5908  4  1   66.4860   48.0118   30.9093    0.0000    3.3938    1.2008   43.3926    0.3228    6.2197    5.7203  0.6255E+02  0.2138E+04 -0.4067E-02  0.4000E-02  0.1401E+03  0.000
    3.5909  4  1   66.1536   48.3388   30.9103    0.0000    3.3947    1.2000   43.7699    0.3227    6.2198    5.7243  0.6395E+02  0.2151E+04 -0.4096E-02  0.4029E-02  0.1395E+03  0.000
    3.5910  4  1   65.8228   48.6642   30.9112    0.0000    3.3955    1.1994   44.1389    0.3226    6.2198    5.7282  0.6491E+02  0.2164E+04 -0.4124E-02  0.4057E-02  0.1390E+03  0.000
    3.5911  4  1   65.4937   48.9879   30.9122    0.0000    3.3963    1.1988   44.5007    0.3224    6.2198    5.7322  0.6556E+02  0.2176E+04 -0.4152E-02  0.4084E-02  0.1384E+03  0.000
    3.5911  4  1   65.1663   49.3101   30.9131    0.0000    3.3971    1.1982   44.8560    0.3222    6.2198    5.7361  0.6595E+02  0.2188E+04 -0.4179E-02  0.4111E-02  0.1380E+03  0.000
    3.5912  4  1   64.8404   49.6306   30.9140    0.0000    3.3980    1.1977   45.2053    0.3221    6.2198    5.7400  0.6616E+02  0.2199E+04 -0.4205E-02  0.4137E-02  0.1375E+03  0.000
    3.5913  4  1   64.5162   49.9495   30.9149    0.0000    3.3988    1.1972   45.5491    0.3219    6.2198    5.7438  0.6621E+02  0.2210E+04 -0.4231E-02  0.4163E-02  0.1371E+03  0.000
    3.5914  4  1   64.1936   50.2669   30.9158    0.0000    3.3996    1.1968   45.8876    0.3216    6.2199    5.7476  0.6616E+02  0.2221E+04 -0.4257E-02  0.4188E-02  0.1366E+03  0.000
    3.5914  4  1   63.8727   50.5826   30.9167    0.0000    3.4004    1.1964   46.2210    0.3214    6.2199    5.7514  0.6601E+02  0.2231E+04 -0.4282E-02  0.4212E-02  0.1362E+03  0.000
    3.5915  4  1   63.5533   50.8968   30.9176    0.0000    3.4012    1.1960   46.5495    0.3212    6.2199    5.7551  0.6579E+02  0.2242E+04 -0.4306E-02  0.4236E-02  0.1359E+03  0.000
    3.5916  4  1   63.2355   51.2094   30.9185    0.0000    3.4021    1.1957   46.8732    0.3209    6.2199    5.7588  0.6551E+02  0.2251E+04 -0.4330E-02  0.4260E-02  0.1355E+03  0.000
    3.5917  4  1   62.9194   51.5205   30.9193    0.0000    3.4029    1.1954   47.1922    0.3207    6.2199    5.7625  0.6517E+02  0.2261E+04 -0.4354E-02  0.4283E-02  0.1352E+03  0.000
    3.5917  4  1   62.6048   51.8300   30.9202    0.0000    3.4037    1.1951   47.5064    0.3204    6.2199    5.7661  0.6480E+02  0.2270E+04 -0.4377E-02  0.4306E-02  0.1349E+03  0.000
    3.5918  4  1   62.2917   52.1380   30.9210    0.0000    3.4045    1.1949   47.8160    0.3201    6.2200    5.7697  0.6439E+02  0.2279E+04 -0.4400E-02  0.4329E-02  0.1346E+03  0.000
    3.5919  4  1   61.9803   52.4444   30.9219    0.0000    3.4053    1.1947   48.1209    0.3198    6.2200    5.7732  0.6395E+02  0.2288E+04 -0.4423E-02  0.4351E-02  0.1343E+03  0.000
    3.5919  4  1   61.6704   52.7493   30.9227    0.0000    3.4061    1.1945   48.4212    0.3195    6.2200    5.7768  0.6348E+02  0.2296E+04 -0.4445E-02  0.4373E-02  0.1340E+03  0.000
    3.5920  4  1   61.3620   53.0526   30.9235    0.0000    3.4069    1.1944   48.7168    0.3192    6.2200    5.7803  0.6298E+02  0.2304E+04 -0.4466E-02  0.4394E-02  0.1338E+03  0.000
    3.5921  4  1   61.0552   53.3545   30.9243    0.0000    3.4077    1.1942   49.0079    0.3188    6.2200    5.7837  0.6246E+02  0.2312E+04 -0.4488E-02  0.4415E-02  0.1335E+03  0.000
    3.5921  4  1   60.7500   53.6548   30.9251    0.0000    3.4085    1.1941   49.2943    0.3185    6.2200    5.7872  0.6192E+02  0.2320E+04 -0.4509E-02  0.4436E-02  0.1333E+03  0.000
    3.5922  4  1   60.4462   53.9536   30.9259    0.0000    3.4093    1.1940   49.5760    0.3181    6.2201    5.7906  0.6136E+02  0.2327E+04 -0.4529E-02  0.4456E-02  0.1331E+03  0.000
    3.5923  4  1   60.1440   54.2510   30.9267    0.0000    3.4101    1.1940   49.8532    0.3177    6.2201    5.7939  0.6078E+02  0.2335E+04 -0.4549E-02  0.4476E-02  0.1329E+03  0.000
    3.5923  4  1   59.8433   54.5468   30.9275    0.0000    3.4109    1.1939   50.1257    0.3173    6.2201    5.7973  0.6018E+02  0.2342E+04 -0.4569E-02  0.4495E-02  0.1328E+03  0.000
    3.5924  4  1   59.5440   54.8412   30.9283    0.0000    3.4116    1.1939   50.3936    0.3169    6.2201    5.8006  0.5956E+02  0.2349E+04 -0.4589E-02  0.4514E-02  0.1326E+03  0.000
    3.5925  4  1   59.2463   55.1341   30.9290    0.0000    3.4124    1.1938   50.6568    0.3165    6.2201    5.8039  0.5893E+02  0.2355E+04 -0.4608E-02  0.4533E-02  0.1325E+03  0.000
    3.5925  4  1   58.9501   55.4255   30.9298    0.0000    3.4132    1.1938   50.9154    0.3160    6.2201    5.8071  0.5829E+02  0.2362E+04 -0.4626E-02  0.4551E-02  0.1323E+03  0.000
    3.5926  4  1   58.6553   55.7155   30.9306    0.0000    3.4140    1.1939   51.1693    0.3156    6.2201    5.8103  0.5763E+02  0.2368E+04 -0.4645E-02  0.4569E-02  0.1322E+03  0.000
    3.5927  4  1   58.3621   56.0040   30.9313    0.0000    3.4148    1.1939   51.4187    0.3151    6.2202    5.8135  0.5695E+02  0.2374E+04 -0.4663E-02  0.4587E-02  0.1321E+03  0.000
    3.5927  4  1   58.0702   56.2910   30.9320    0.0000    3.4155    1.1939   51.6633    0.3146    6.2202    5.8167  0.5627E+02  0.2380E+04 -0.4680E-02  0.4604E-02  0.1320E+03  0.000
    3.5928  4  1   57.7799   56.5767   30.9328    0.0000    3.4163    1.1940   51.9034    0.3141    6.2202    5.8198  0.5557E+02  0.2386E+04 -0.4698E-02  0.4621E-02  0.1320E+03  0.000
    3.5929  4  1   57.4910   56.8609   30.9335    0.0000    3.4171    1.1940   52.1388    0.3136    6.2202    5.8229  0.5486E+02  0.2392E+04 -0.4715E-02  0.4638E-02  0.1319E+03  0.000
    3.5929  4  1   57.2035   57.1437   30.9342    0.0000    3.4178    1.1941   52.3695    0.3130    6.2202    5.8260  0.5414E+02  0.2398E+04 -0.4731E-02  0.4654E-02  0.1319E+03  0.000
    3.5930  4  1   56.9175   57.4250   30.9349    0.0000    3.4186    1.1942   52.5956    0.3125    6.2202    5.8290  0.5341E+02  0.2403E+04 -0.4747E-02  0.4670E-02  0.1318E+03  0.000
    3.5930  4  1   56.6329   57.7050   30.9357    0.0000    3.4193    1.1943   52.8171    0.3119    6.2202    5.8320  0.5267E+02  0.2408E+04 -0.4763E-02  0.4686E-02  0.1318E+03  0.000
    3.5931  4  1   56.3498   57.9835   30.9364    0.0000    3.4201    1.1944   53.0340    0.3113    6.2202    5.8350  0.5192E+02  0.2413E+04 -0.4779E-02  0.4701E-02  0.1318E+03  0.000
    3.5932  4  1   56.0680   58.2607   30.9371    0.0000    3.4209    1.1945   53.2462    0.3107    6.2203    5.8380  0.5116E+02  0.2418E+04 -0.4794E-02  0.4716E-02  0.1318E+03  0.000
    3.5932  4  1   55.7877   58.5364   30.9378    0.0000    3.4216    1.1947   53.4538    0.3101    6.2203    5.8409  0.5040E+02  0.2423E+04 -0.4809E-02  0.4730E-02  0.1318E+03  0.000
    3.5933  4  1   55.5087   58.8108   30.9384    0.0000    3.4223    1.1948   53.6568    0.3095    6.2203    5.8439  0.4963E+02  0.2428E+04 -0.4824E-02  0.4745E-02  0.1318E+03  0.000
    3.5933  4  1   55.2312   59.0838   30.9391    0.0000    3.4231    1.1949   53.8551    0.3088    6.2203    5.8467  0.4885E+02  0.2433E+04 -0.4838E-02  0.4759E-02  0.1318E+03  0.000
    3.5934  4  1   54.9550   59.3554   30.9398    0.0000    3.4238    1.1951   54.0489    0.3082    6.2203    5.8496  0.4806E+02  0.2437E+04 -0.4852E-02  0.4772E-02  0.1319E+03  0.000
    3.5934  4  1   54.6803   59.6257   30.9405    0.0000    3.4246    1.1953   54.2381    0.3075    6.2203    5.8524  0.4728E+02  0.2442E+04 -0.4865E-02  0.4786E-02  0.1319E+03  0.000
    3.5935  4  1   54.4069   59.8946   30.9411    0.0000    3.4253    1.1954   54.4227    0.3068    6.2203    5.8553  0.4649E+02  0.2446E+04 -0.4879E-02  0.4799E-02  0.1320E+03  0.000
    3.5936  4  1   54.1348   60.1622   30.9418    0.0000    3.4260    1.1956   54.6026    0.3061    6.2203    5.8580  0.4569E+02  0.2450E+04 -0.4892E-02  0.4811E-02  0.1321E+03  0.000
    3.5936  4  1   53.8642   60.4284   30.9424    0.0000    3.4268    1.1958   54.7781    0.3054    6.2204    5.8608  0.4489E+02  0.2454E+04 -0.4904E-02  0.4823E-02  0.1322E+03  0.000
    3.5937  4  1   53.5948   60.6933   30.9431    0.0000    3.4275    1.1960   54.9489    0.3046    6.2204    5.8635  0.4409E+02  0.2458E+04 -0.4916E-02  0.4835E-02  0.1323E+03  0.000
    3.5937  4  1   53.3269   60.9568   30.9437    0.0000    3.4282    1.1962   55.1152    0.3039    6.2204    5.8663  0.4329E+02  0.2462E+04 -0.4928E-02  0.4847E-02  0.1324E+03  0.000
    3.5938  4  1   53.0602   61.2191   30.9444    0.0000    3.4289    1.1964   55.2770    0.3031    6.2204    5.8689  0.4248E+02  0.2466E+04 -0.4940E-02  0.4859E-02  0.1325E+03  0.000
    3.5938  4  1   52.7949   61.4800   30.9450    0.0000    3.4296    1.1966   55.4342    0.3023    6.2204    5.8716  0.4168E+02  0.2470E+04 -0.4952E-02  0.4870E-02  0.1326E+03  0.000
    3.5939  4  1   52.5310   61.7396   30.9457    0.0000    3.4303    1.1968   55.5868    0.3016    6.2204    5.8743  0.4087E+02  0.2473E+04 -0.4963E-02  0.4880E-02  0.1328E+03  0.000
    3.5939  4  1   52.2683   61.9979   30.9463    0.0000    3.4310    1.1970   55.7350    0.3008    6.2204    5.8769  0.4007E+02  0.2477E+04 -0.4973E-02  0.4891E-02  0.1329E+03  0.000
    3.5940  4  1   52.0070   62.2549   30.9469    0.0000    3.4317    1.1972   55.8787    0.2999    6.2204    5.8795  0.3927E+02  0.2480E+04 -0.4984E-02  0.4901E-02  0.1331E+03  0.000
    3.5940  4  1   51.7469   62.5106   30.9475    0.0000    3.4324    1.1974   56.0178    0.2991    6.2205    5.8821  0.3847E+02  0.2484E+04 -0.4994E-02  0.4911E-02  0.1332E+03  0.000
    3.5941  4  1   51.4882   62.7650   30.9481    0.0000    3.4331    1.1977   56.1525    0.2983    6.2205    5.8846  0.3767E+02  0.2487E+04 -0.5004E-02  0.4920E-02  0.1334E+03  0.000
    3.5941  4  1   51.2307   63.0182   30.9487    0.0000    3.4338    1.1979   56.2827    0.2974    6.2205    5.8871  0.3687E+02  0.2490E+04 -0.5013E-02  0.4930E-02  0.1336E+03  0.000
    3.5942  4  1   50.9746   63.2700   30.9494    0.0000    3.4345    1.1981   56.4084    0.2966    6.2205    5.8896  0.3608E+02  0.2493E+04 -0.5023E-02  0.4939E-02  0.1338E+03  0.000
    3.5942  4  1   50.7197   63.5207   30.9500    0.0000    3.4352    1.1984   56.5296    0.2957    6.2205    5.8921  0.3529E+02  0.2496E+04 -0.5031E-02  0.4947E-02  0.1340E+03  0.000
    3.5943  4  1   50.4661   63.7700   30.9506    0.0000    3.4359    1.1986   56.6465    0.2948    6.2205    5.8946  0.3450E+02  0.2499E+04 -0.5040E-02  0.4956E-02  0.1342E+03  0.000
    3.5943  4  1   50.2138   64.0181   30.9511    0.0000    3.4365    1.1989   56.7589    0.2939    6.2205    5.8971  0.3372E+02  0.2502E+04 -0.5049E-02  0.4964E-02  0.1344E+03  0.000
    3.5944  4  1   49.9627   64.2650   30.9517    0.0000    3.4372    1.1991   56.8668    0.2930    6.2205    5.8995  0.3294E+02  0.2505E+04 -0.5057E-02  0.4972E-02  0.1347E+03  0.000
    3.5944  4  1   49.7129   64.5106   30.9523    0.0000    3.4379    1.1994   56.9704    0.2921    6.2205    5.9019  0.3217E+02  0.2508E+04 -0.5064E-02  0.4979E-02  0.1349E+03  0.000
    3.5945  4  1   49.4643   64.7550   30.9529    0.0000    3.4385    1.1996   57.0696    0.2911    6.2206    5.9043  0.3141E+02  0.2511E+04 -0.5072E-02  0.4986E-02  0.1352E+03  0.000
    3.5945  4  1   49.2170   64.9981   30.9535    0.0000    3.4392    1.1999   57.1643    0.2902    6.2206    5.9066  0.3065E+02  0.2513E+04 -0.5079E-02  0.4993E-02  0.1354E+03  0.000
    3.5946  4  1   48.9709   65.2401   30.9541    0.0000    3.4398    1.2001   57.2547    0.2892    6.2206    5.9090  0.2990E+02  0.2516E+04 -0.5086E-02  0.5000E-02  0.1357E+03  0.000
    3.5946  4  1   48.7261   65.4808   30.9546    0.0000    3.4404    1.2004   57.3408    0.2883    6.2206    5.9113  0.2916E+02  0.2518E+04 -0.5093E-02  0.5007E-02  0.1360E+03  0.000
    3.5947  4  1   48.4824   65.7203   30.9552    0.0000    3.4411    1.2007   57.4225    0.2873    6.2206    5.9136  0.2842E+02  0.2521E+04 -0.5099E-02  0.5013E-02  0.1363E+03  0.000
    3.5947  4  1   48.2400   65.9586   30.9558    0.0000    3.4417    1.2009   57.4998    0.2863    6.2206    5.9159  0.2769E+02  0.2523E+04 -0.5105E-02  0.5019E-02  0.1365E+03  0.000
    3.5948  4  1   47.9988   66.1957   30.9563    0.0000    3.4423    1.2012   57.5728    0.2853    6.2206    5.9182  0.2697E+02  0.2526E+04 -0.5111E-02  0.5024E-02  0.1369E+03  0.000
    3.5948  4  1   47.7588   66.4316   30.9569    0.0000    3.4430    1.2015   57.6415    0.2843    6.2206    5.9204  0.2626E+02  0.2528E+04 -0.5116E-02  0.5029E-02  0.1372E+03  0.000
    3.5949  4  1   47.5201   66.6663   30.9574    0.0000    3.4436    1.2017   57.7059    0.2833    6.2206    5.9227  0.2555E+02  0.2530E+04 -0.5122E-02  0.5034E-02  0.1375E+03  0.000
    3.5949  4  1   47.2824   66.8999   30.9580    0.0000    3.4442    1.2020   57.7660    0.2823    6.2206    5.9249  0.2486E+02  0.2532E+04 -0.5127E-02  0.5039E-02  0.1378E+03  0.000
    3.5950  4  1   47.0460   67.1322   30.9585    0.0000    3.4448    1.2023   57.8218    0.2812    6.2207    5.9271  0.2417E+02  0.2535E+04 -0.5131E-02  0.5044E-02  0.1382E+03  0.000
    3.5950  4  1   46.8108   67.3634   30.9591    0.0000    3.4454    1.2026   57.8733    0.2802    6.2207    5.9292  0.2350E+02  0.2537E+04 -0.5136E-02  0.5048E-02  0.1385E+03  0.000
    3.5951  4  1   46.5768   67.5935   30.9596    0.0000    3.4460    1.2028   57.9206    0.2791    6.2207    5.9314  0.2283E+02  0.2539E+04 -0.5140E-02  0.5052E-02  0.1389E+03  0.000
    3.5951  4  1   46.3439   67.8224   30.9601    0.0000    3.4466    1.2031   57.9636    0.2781    6.2207    5.9335  0.2218E+02  0.2541E+04 -0.5144E-02  0.5055E-02  0.1392E+03  0.000
    3.5951  4  1   46.1121   68.0501   30.9607    0.0000    3.4471    1.2034   58.0023    0.2770    6.2207    5.9357  0.2153E+02  0.2543E+04 -0.5147E-02  0.5059E-02  0.1396E+03  0.000
    3.5952  4  1   45.8816   68.2767   30.9612    0.0000    3.4477    1.2037   58.0368    0.2760    6.2207    5.9378  0.2090E+02  0.2545E+04 -0.5151E-02  0.5062E-02  0.1400E+03  0.000
    3.5952  4  1   45.6522   68.5021   30.9617    0.0000    3.4483    1.2039   58.0671    0.2749    6.2207    5.9399  0.2027E+02  0.2547E+04 -0.5154E-02  0.5065E-02  0.1404E+03  0.000
    3.5953  4  1   45.4239   68.7265   30.9623    0.0000    3.4488    1.2042   58.0931    0.2738    6.2207    5.9419  0.1966E+02  0.2548E+04 -0.5157E-02  0.5068E-02  0.1408E+03  0.000
    3.5953  4  1   45.1968   68.9496   30.9628    0.0000    3.4494    1.2045   58.1149    0.2727    6.2207    5.9440  0.1905E+02  0.2550E+04 -0.5159E-02  0.5070E-02  0.1412E+03  0.000
    3.5954  4  1   44.9708   69.1717   30.9633    0.0000    3.4499    1.2048   58.1325    0.2716    6.2207    5.9460  0.1846E+02  0.2552E+04 -0.5162E-02  0.5072E-02  0.1416E+03  0.000
    3.5954  4  1   44.7460   69.3927   30.9638    0.0000    3.4505    1.2051   58.1459    0.2705    6.2208    5.9481  0.1788E+02  0.2554E+04 -0.5164E-02  0.5074E-02  0.1420E+03  0.000
    3.5954  4  1   44.5222   69.6125   30.9643    0.0000    3.4510    1.2054   58.1551    0.2694    6.2208    5.9501  0.1731E+02  0.2555E+04 -0.5165E-02  0.5075E-02  0.1425E+03  0.000
    3.5955  4  1   44.2996   69.8312   30.9649    0.0000    3.4515    1.2056   58.1600    0.2683    6.2208    5.9521  0.1675E+02  0.2557E+04 -0.5167E-02  0.5077E-02  0.1429E+03  0.000
    3.5955  4  1   44.0781   70.0489   30.9654    0.0000    3.4520    1.2059   58.1608    0.2671    6.2208    5.9540  0.1620E+02  0.2558E+04 -0.5168E-02  0.5078E-02  0.1434E+03  0.000
    3.5956  4  1   43.8577   70.2654   30.9659    0.0000    3.4525    1.2062   58.1573    0.2660    6.2208    5.9560  0.1567E+02  0.2560E+04 -0.5169E-02  0.5079E-02  0.1438E+03  0.000
    3.5956  4  1   43.6384   70.4809   30.9664    0.0000    3.4530    1.2065   58.1497    0.2649    6.2208    5.9579  0.1514E+02  0.2562E+04 -0.5170E-02  0.5079E-02  0.1443E+03  0.000
    3.5957  4  1   43.4202   70.6952   30.9669    0.0000    3.4535    1.2068   58.1379    0.2637    6.2208    5.9599  0.1463E+02  0.2563E+04 -0.5170E-02  0.5079E-02  0.1448E+03  0.000
    3.5957  4  1   43.2032   70.9085   30.9674    0.0000    3.4540    1.2071   58.1218    0.2626    6.2208    5.9618  0.1413E+02  0.2564E+04 -0.5170E-02  0.5079E-02  0.1452E+03  0.000
    3.5957  4  1   42.9871   71.1207   30.9679    0.0000    3.4544    1.2074   58.1016    0.2614    6.2208    5.9637  0.1363E+02  0.2566E+04 -0.5170E-02  0.5079E-02  0.1457E+03  0.000
    3.5958  4  1   42.7722   71.3319   30.9684    0.0000    3.4549    1.2077   58.0771    0.2603    6.2208    5.9656  0.1315E+02  0.2567E+04 -0.5170E-02  0.5079E-02  0.1462E+03  0.000
    3.5958  4  1   42.5583   71.5420   30.9689    0.0000    3.4553    1.2079   58.0485    0.2591    6.2208    5.9674  0.1269E+02  0.2569E+04 -0.5169E-02  0.5078E-02  0.1467E+03  0.000
    3.5959  4  1   42.3455   71.7510   30.9693    0.0000    3.4558    1.2082   58.0156    0.2579    6.2209    5.9693  0.1223E+02  0.2570E+04 -0.5168E-02  0.5077E-02  0.1473E+03  0.000
    3.5959  4  1   42.1338   71.9590   30.9698    0.0000    3.4562    1.2085   57.9785    0.2568    6.2209    5.9711  0.1178E+02  0.2571E+04 -0.5167E-02  0.5076E-02  0.1478E+03  0.000
    3.5960  4  1   41.9231   72.1659   30.9703    0.0000    3.4566    1.2088   57.9371    0.2556    6.2209    5.9730  0.1135E+02  0.2572E+04 -0.5166E-02  0.5074E-02  0.1483E+03  0.000
    3.5960  4  1   41.7135   72.3718   30.9708    0.0000    3.4570    1.2091   57.8915    0.2544    6.2209    5.9748  0.1092E+02  0.2574E+04 -0.5164E-02  0.5072E-02  0.1489E+03  0.000
    3.5960  4  1   41.5050   72.5767   30.9713    0.0000    3.4574    1.2094   57.8417    0.2532    6.2209    5.9766  0.1051E+02  0.2575E+04 -0.5162E-02  0.5070E-02  0.1494E+03  0.000
    3.5961  4  1   41.2974   72.7805   30.9718    0.0000    3.4578    1.2097   57.7875    0.2520    6.2209    5.9784  0.1011E+02  0.2576E+04 -0.5160E-02  0.5068E-02  0.1500E+03  0.000
    3.5961  4  1   41.0910   72.9833   30.9722    0.0000    3.4581    1.2100   57.7291    0.2508    6.2209    5.9801  0.9719E+01  0.2577E+04 -0.5157E-02  0.5065E-02  0.1505E+03  0.000
    3.5962  4  1   40.8855   73.1851   30.9727    0.0000    3.4585    1.2102   57.6663    0.2497    6.2209    5.9819  0.9339E+01  0.2578E+04 -0.5155E-02  0.5062E-02  0.1511E+03  0.000
    3.5962  4  1   40.6811   73.3858   30.9732    0.0000    3.4588    1.2105   57.5992    0.2485    6.2209    5.9836  0.8969E+01  0.2579E+04 -0.5152E-02  0.5059E-02  0.1517E+03  0.000
    3.5962  4  1   40.4777   73.5856   30.9736    0.0000    3.4591    1.2108   57.5278    0.2473    6.2209    5.9854  0.8609E+01  0.2581E+04 -0.5148E-02  0.5056E-02  0.1523E+03  0.000
    3.5963  4  1   40.2753   73.7843   30.9741    0.0000    3.4594    1.2111   57.4519    0.2461    6.2209    5.9871  0.8260E+01  0.2582E+04 -0.5145E-02  0.5052E-02  0.1529E+03  0.000
    3.5963  4  1   40.0739   73.9821   30.9746    0.0000    3.4597    1.2114   57.3716    0.2449    6.2210    5.9888  0.7921E+01  0.2583E+04 -0.5141E-02  0.5048E-02  0.1535E+03  0.000
    3.5963  4  1   39.8735   74.1789   30.9750    0.0000    3.4600    1.2117   57.2868    0.2436    6.2210    5.9905  0.7592E+01  0.2584E+04 -0.5137E-02  0.5044E-02  0.1541E+03  0.000
    3.5964  4  1   39.6742   74.3746   30.9755    0.0000    3.4603    1.2119   57.1976    0.2424    6.2210    5.9922  0.7273E+01  0.2585E+04 -0.5132E-02  0.5040E-02  0.1547E+03  0.000
    3.5964  4  1   39.4758   74.5694   30.9760    0.0000    3.4605    1.2122   57.1038    0.2412    6.2210    5.9938  0.6963E+01  0.2586E+04 -0.5127E-02  0.5035E-02  0.1554E+03  0.000
    3.5965  4  1   39.2784   74.7632   30.9764    0.0000    3.4607    1.2125   57.0053    0.2400    6.2210    5.9955  0.6663E+01  0.2586E+04 -0.5122E-02  0.5030E-02  0.1560E+03  0.000
    3.5965  4  1   39.0820   74.9561   30.9769    0.0000    3.4609    1.2128   56.9023    0.2388    6.2210    5.9971  0.6373E+01  0.2587E+04 -0.5117E-02  0.5024E-02  0.1567E+03  0.000
    3.5965  4  1   38.8866   75.1479   30.9773    0.0000    3.4611    1.2131   56.7945    0.2376    6.2210    5.9988  0.6091E+01  0.2588E+04 -0.5111E-02  0.5019E-02  0.1573E+03  0.000
    3.5966  4  1   38.6922   75.3388   30.9778    0.0000    3.4613    1.2134   56.6819    0.2364    6.2210    6.0004  0.5819E+01  0.2589E+04 -0.5106E-02  0.5013E-02  0.1580E+03  0.000
    3.5966  4  1   38.4987   75.5287   30.9782    0.0000    3.4614    1.2136   56.5645    0.2352    6.2210    6.0020  0.5556E+01  0.2590E+04 -0.5099E-02  0.5006E-02  0.1587E+03  0.000
    3.5967  4  1   38.3062   75.7177   30.9787    0.0000    3.4615    1.2139   56.4421    0.2339    6.2210    6.0036  0.5301E+01  0.2591E+04 -0.5093E-02  0.5000E-02  0.1594E+03  0.000
    3.5967  4  1   38.1147   75.9058   30.9791    0.0000    3.4616    1.2142   56.3148    0.2327    6.2210    6.0052  0.5055E+01  0.2592E+04 -0.5086E-02  0.4993E-02  0.1601E+03  0.000
    3.5967  4  1   37.9241   76.0928   30.9796    0.0000    3.4617    1.2145   56.1823    0.2315    6.2210    6.0068  0.4817E+01  0.2592E+04 -0.5079E-02  0.4986E-02  0.1608E+03  0.000
    3.5968  4  1   37.7345   76.2790   30.9800    0.0000    3.4617    1.2148   56.0446    0.2303    6.2211    6.0083  0.4587E+01  0.2593E+04 -0.5071E-02  0.4978E-02  0.1615E+03  0.000
    3.5968  4  1   37.5458   76.4642   30.9805    0.0000    3.4617    1.2150   55.9016    0.2290    6.2211    6.0099  0.4365E+01  0.2594E+04 -0.5063E-02  0.4970E-02  0.1622E+03  0.000
    3.5968  4  1   37.3581   76.6485   30.9809    0.0000    3.4617    1.2153   55.7531    0.2278    6.2211    6.0114  0.4152E+01  0.2595E+04 -0.5055E-02  0.4962E-02  0.1629E+03  0.000
    3.5969  4  1   37.1713   76.8318   30.9813    0.0000    3.4617    1.2156   55.5990    0.2266    6.2211    6.0129  0.3945E+01  0.2595E+04 -0.5046E-02  0.4953E-02  0.1637E+03  0.000
    3.5969  4  1   36.9855   77.0143   30.9818    0.0000    3.4616    1.2159   55.4392    0.2254    6.2211    6.0144  0.3746E+01  0.2596E+04 -0.5037E-02  0.4944E-02  0.1644E+03  0.000
    3.5970  4  1   36.8005   77.1958   30.9822    0.0000    3.4615    1.2161   55.2734    0.2242    6.2211    6.0159  0.3555E+01  0.2597E+04 -0.5028E-02  0.4935E-02  0.1652E+03  0.000
    3.5970  4  1   36.6165   77.3764   30.9827    0.0000    3.4613    1.2164   55.1015    0.2229    6.2211    6.0174  0.3370E+01  0.2597E+04 -0.5018E-02  0.4925E-02  0.1660E+03  0.000
    3.5970  4  1   36.4334   77.5560   30.9831    0.0000    3.4611    1.2167   54.9233    0.2217    6.2211    6.0189  0.3193E+01  0.2598E+04 -0.5008E-02  0.4915E-02  0.1667E+03  0.000
    3.5971  4  1   36.2513   77.7348   30.9835    0.0000    3.4609    1.2170   54.7385    0.2205    6.2211    6.0204  0.3022E+01  0.2599E+04 -0.4997E-02  0.4905E-02  0.1675E+03  0.000
    3.5971  4  1   36.0700   77.9127   30.9840    0.0000    3.4606    1.2172   54.5469    0.2193    6.2211    6.0219  0.2858E+01  0.2599E+04 -0.4986E-02  0.4894E-02  0.1683E+03  0.000
    3.5971  4  1   35.8897   78.0897   30.9844    0.0000    3.4603    1.2175   54.3482    0.2180    6.2211    6.0233  0.2700E+01  0.2600E+04 -0.4975E-02  0.4882E-02  0.1691E+03  0.000
    3.5972  4  1   35.7102   78.2658   30.9848    0.0000    3.4599    1.2178   54.1420    0.2168    6.2211    6.0247  0.2548E+01  0.2600E+04 -0.4963E-02  0.4870E-02  0.1699E+03  0.000
    3.5972  4  1   35.5317   78.4410   30.9852    0.0000    3.4595    1.2181   53.9281    0.2156    6.2212    6.0262  0.2402E+01  0.2601E+04 -0.4950E-02  0.4858E-02  0.1707E+03  0.000
    3.5972  4  1   35.3540   78.6153   30.9857    0.0000    3.4590    1.2183   53.7058    0.2144    6.2212    6.0276  0.2262E+01  0.2602E+04 -0.4937E-02  0.4845E-02  0.1716E+03  0.000
    3.5973  4  1   35.1772   78.7888   30.9861    0.0000    3.4585    1.2186   53.4749    0.2132    6.2212    6.0290  0.2128E+01  0.2602E+04 -0.4924E-02  0.4831E-02  0.1724E+03  0.000
    3.5973  4  1   35.0014   78.9614   30.9865    0.0000    3.4579    1.2189   53.2347    0.2120    6.2212    6.0304  0.2000E+01  0.2603E+04 -0.4909E-02  0.4817E-02  0.1733E+03  0.000
    3.5974  4  1   34.8263   79.1331   30.9869    0.0000    3.4572    1.2191   52.9846    0.2107    6.2212    6.0318  0.1876E+01  0.2603E+04 -0.4895E-02  0.4802E-02  0.1741E+03  0.000
    3.5974  4  1   34.6522   79.3039   30.9874    0.0000    3.4564    1.2194   52.7240    0.2095    6.2212    6.0332  0.1758E+01  0.2604E+04 -0.4879E-02  0.4787E-02  0.1750E+03  0.000
    3.5974  4  1   34.4790   79.4739   30.9878    0.0000    3.4555    1.2197   52.4518    0.2083    6.2212    6.0346  0.1645E+01  0.2604E+04 -0.4863E-02  0.4771E-02  0.1759E+03  0.000
    3.5975  4  1   34.3066   79.6430   30.9882    0.0000    3.4545    1.2199   52.1673    0.2071    6.2212    6.0359  0.1537E+01  0.2605E+04 -0.4846E-02  0.4754E-02  0.1767E+03  0.000
    3.5975  4  1   34.1350   79.8113   30.9886    0.0000    3.4534    1.2202   51.8691    0.2059    6.2212    6.0373  0.1434E+01  0.2605E+04 -0.4828E-02  0.4736E-02  0.1776E+03  0.000
    3.5975  4  1   33.9643   79.9787   30.9891    0.0000    3.4522    1.2204   51.5559    0.2047    6.2212    6.0386  0.1335E+01  0.2605E+04 -0.4809E-02  0.4717E-02  0.1785E+03  0.000
    3.5976  4  1   33.7945   80.1453   30.9895    0.0000    3.4509    1.2207   51.2260    0.2035    6.2212    6.0399  0.1241E+01  0.2606E+04 -0.4789E-02  0.4697E-02  0.1795E+03  0.000
    3.5976  4  1   33.6256   80.3110   30.9899    0.0000    3.4493    1.2210   50.8772    0.2023    6.2212    6.0413  0.1151E+01  0.2606E+04 -0.4767E-02  0.4676E-02  0.1804E+03  0.000
    3.5976  4  1   33.4574   80.4759   30.9903    0.0000    3.4476    1.2212   50.5068    0.2011    6.2212    6.0426  0.1065E+01  0.2607E+04 -0.4745E-02  0.4654E-02  0.1813E+03  0.000
    3.5977  4  1   33.2901   80.6400   30.9907    0.0000    3.4457    1.2215   50.1115    0.1999    6.2213    6.0439  0.9831E+00  0.2607E+04 -0.4721E-02  0.4630E-02  0.1823E+03  0.000
    3.5977  4  1   33.1237   80.8032   30.9912    0.0000    3.4434    1.2217   49.6866    0.1987    6.2213    6.0452  0.9053E+00  0.2608E+04 -0.4695E-02  0.4604E-02  0.1832E+03  0.000
    3.5977  4  1   32.9581   80.9656   30.9916    0.0000    3.4409    1.2220   49.2260    0.1975    6.2213    6.0465  0.8312E+00  0.2608E+04 -0.4667E-02  0.4576E-02  0.1842E+03  0.000
    3.5978  4  1   32.7933   81.1272   30.9920    0.0000    3.4379    1.2223   48.7211    0.1963    6.2213    6.0477  0.7608E+00  0.2608E+04 -0.4636E-02  0.4545E-02  0.1851E+03  0.000
    3.5978  4  1   32.6293   81.2879   30.9924    0.0000    3.4344    1.2225   48.1593    0.1952    6.2213    6.0490  0.6940E+00  0.2609E+04 -0.4602E-02  0.4512E-02  0.1861E+03  0.000
    3.5978  4  1   32.4662   81.4478   30.9929    0.0000    3.4301    1.2228   47.5211    0.1940    6.2213    6.0503  0.6307E+00  0.2609E+04 -0.4564E-02  0.4474E-02  0.1871E+03  0.000
    3.5979  4  1   32.3038   81.6069   30.9933    0.0000    3.4248    1.2230   46.7746    0.1928    6.2213    6.0515  0.5707E+00  0.2609E+04 -0.4520E-02  0.4430E-02  0.1881E+03  0.000
    3.5979  4  1   32.1423   81.7652   30.9937    0.0000    3.4178    1.2233   45.8644    0.1916    6.2213    6.0528  0.5140E+00  0.2610E+04 -0.4469E-02  0.4379E-02  0.1891E+03  0.000
    3.5980  4  1   31.9816   81.9227   30.9941    0.0000    3.4080    1.2235   44.6841    0.1905    6.2213    6.0540  0.4606E+00  0.2610E+04 -0.4405E-02  0.4315E-02  0.1901E+03  0.000
    3.5980  4  1   31.8217   82.0793   30.9946    0.0000    3.3930    1.2238   43.0086    0.1893    6.2213    6.0552  0.4103E+00  0.2610E+04 -0.4321E-02  0.4232E-02  0.1912E+03  0.000
    3.5980  4  1   31.6626   82.2350   30.9950    0.0000    3.3662    1.2240   40.2971    0.1881    6.2212    6.0564  0.3655E+00  0.2610E+04 -0.4199E-02  0.4110E-02  0.1922E+03  0.000
    3.5981  4  1   31.5043   82.3898   30.9955    0.0000    3.3074    1.2243   35.0658    0.1870    6.2211    6.0576  0.3314E+00  0.2611E+04 -0.3997E-02  0.3908E-02  0.1932E+03  0.000
    3.5981  4  1   31.3468   82.5434   30.9960    0.0000    3.1285    1.2245   23.1415    0.1858    6.2206    6.0588  0.3782E+00  0.2611E+04 -0.3586E-02  0.3498E-02  0.1943E+03  0.000
    3.5982  4  1   31.1900   82.6947   30.9968    0.0000    2.2964    1.2248    3.3950    0.1847    6.2168    6.0600  0.3620E+00  0.2611E+04 -0.2537E-02  0.2449E-02  0.1953E+03  0.000
    3.5983  4  1   31.1468   82.7271   30.9982    0.0000    1.7026    1.2249    0.8654    0.1847    6.2116    6.0603  0.6913E+01  0.2618E+04 -0.3468E-03  0.2601E-03  0.1953E+03  0.000
    3.5983  4  1   31.1468   82.7271   30.9982    0.0000    1.7026    1.2249    0.8654    0.1847    6.2116    6.0603  0.6913E+01  0.2618E+04 -0.2099E-03  0.1232E-03  0.1953E+03  0.000
    3.5990  7  1   30.9982   82.8046    0.0000    0.0000    0.2718    1.2252    0.0322    0.1849    5.9832    6.0611  0.9014E-11  0.2612E+04 -0.2065E-03  0.1077E-03  0.1950E+03  0.000
    3.6023  7  1   30.6883   82.7936    0.0000    0.0000    0.2695    1.2256    0.0320    0.1842    5.9787    6.0613  0.4102E+01  0.2605E+04 -0.9434E-04 -0.3357E-05  0.1956E+03  0.000
    3.6056  7  1   30.3814   82.7825    0.0000    0.0000    0.2672    1.2259    0.0318    0.1835    5.9741    6.0615  0.8024E+01  0.2599E+04 -0.9287E-04 -0.3369E-05  0.1961E+03  0.000
    3.6089  7  1   30.0776   82.7712    0.0000    0.0000    0.2649    1.2262    0.0317    0.1827    5.9695    6.0617  0.1178E+02  0.2593E+04 -0.9141E-04 -0.3381E-05  0.1967E+03  0.000
    3.6123  7  1   29.7768   82.7599    0.0000    0.0000    0.2626    1.2266    0.0315    0.1820    5.9649    6.0619  0.1537E+02  0.2586E+04 -0.8997E-04 -0.3393E-05  0.1972E+03  0.000
    3.6156  7  1   29.4790   82.7485    0.0000    0.0000    0.2603    1.2269    0.0313    0.1814    5.9602    6.0621  0.1881E+02  0.2580E+04 -0.8855E-04 -0.3404E-05  0.1978E+03  0.000
    3.6190  7  1   29.1842   82.7369    0.0000    0.0000    0.2580    1.2273    0.0311    0.1807    5.9556    6.0623  0.2210E+02  0.2573E+04 -0.8714E-04 -0.3416E-05  0.1983E+03  0.000
    3.6224  7  1   28.8924   82.7252    0.0000    0.0000    0.2557    1.2276    0.0310    0.1800    5.9509    6.0625  0.2526E+02  0.2567E+04 -0.8575E-04 -0.3428E-05  0.1988E+03  0.000
    3.6259  7  1   28.6035   82.7134    0.0000    0.0000    0.2534    1.2280    0.0308    0.1793    5.9462    6.0627  0.2829E+02  0.2560E+04 -0.8438E-04 -0.3440E-05  0.1994E+03  0.000
    3.6293  7  1   28.3174   82.7016    0.0000    0.0000    0.2512    1.2283    0.0306    0.1787    5.9415    6.0630  0.3119E+02  0.2554E+04 -0.8302E-04 -0.3451E-05  0.1999E+03  0.000
    3.6328  7  1   28.0343   82.6896    0.0000    0.0000    0.2489    1.2287    0.0305    0.1780    5.9368    6.0632  0.3398E+02  0.2547E+04 -0.8168E-04 -0.3463E-05  0.2004E+03  0.000
    3.6363  7  1   27.7539   82.6774    0.0000    0.0000    0.2467    1.2291    0.0303    0.1774    5.9320    6.0634  0.3666E+02  0.2540E+04 -0.8036E-04 -0.3475E-05  0.2010E+03  0.000
    3.6398  7  1   27.4764   82.6652    0.0000    0.0000    0.2444    1.2294    0.0302    0.1767    5.9272    6.0636  0.3923E+02  0.2534E+04 -0.7905E-04 -0.3486E-05  0.2015E+03  0.000
    3.6433  7  1   27.2016   82.6528    0.0000    0.0000    0.2422    1.2298    0.0300    0.1761    5.9225    6.0638  0.4171E+02  0.2527E+04 -0.7776E-04 -0.3498E-05  0.2020E+03  0.000
    3.6469  7  1   26.9296   82.6404    0.0000    0.0000    0.2400    1.2302    0.0299    0.1755    5.9176    6.0640  0.4409E+02  0.2520E+04 -0.7648E-04 -0.3509E-05  0.2025E+03  0.000
    3.6504  7  1   26.6603   82.6277    0.0000    0.0000    0.2378    1.2305    0.0297    0.1748    5.9128    6.0642  0.4638E+02  0.2513E+04 -0.7522E-04 -0.3521E-05  0.2031E+03  0.000
    3.6540  7  1   26.3937   82.6150    0.0000    0.0000    0.2356    1.2309    0.0296    0.1742    5.9080    6.0645  0.4859E+02  0.2507E+04 -0.7398E-04 -0.3532E-05  0.2036E+03  0.000
    3.6577  7  1   26.1298   82.6022    0.0000    0.0000    0.2334    1.2313    0.0294    0.1736    5.9031    6.0647  0.5072E+02  0.2500E+04 -0.7275E-04 -0.3544E-05  0.2041E+03  0.000
    3.6613  7  1   25.8685   82.5892    0.0000    0.0000    0.2312    1.2317    0.0293    0.1730    5.8982    6.0649  0.5277E+02  0.2493E+04 -0.7153E-04 -0.3555E-05  0.2046E+03  0.000
    3.6650  7  1   25.6098   82.5761    0.0000    0.0000    0.2290    1.2321    0.0291    0.1724    5.8933    6.0651  0.5475E+02  0.2486E+04 -0.7034E-04 -0.3566E-05  0.2051E+03  0.000
    3.6687  7  1   25.3537   82.5628    0.0000    0.0000    0.2268    1.2325    0.0290    0.1718    5.8884    6.0653  0.5667E+02  0.2479E+04 -0.6915E-04 -0.3578E-05  0.2056E+03  0.000
    3.6724  7  1   25.1001   82.5494    0.0000    0.0000    0.2246    1.2329    0.0289    0.1713    5.8834    6.0656  0.5852E+02  0.2472E+04 -0.6799E-04 -0.3589E-05  0.2061E+03  0.000
    3.6762  7  1   24.8491   82.5359    0.0000    0.0000    0.2225    1.2332    0.0287    0.1707    5.8784    6.0658  0.6032E+02  0.2465E+04 -0.6683E-04 -0.3601E-05  0.2066E+03  0.000
    3.6800  7  1   24.6006   82.5222    0.0000    0.0000    0.2203    1.2336    0.0286    0.1701    5.8734    6.0660  0.6206E+02  0.2458E+04 -0.6570E-04 -0.3612E-05  0.2071E+03  0.000
    3.6838  7  1   24.3546   82.5084    0.0000    0.0000    0.2182    1.2341    0.0284    0.1696    5.8684    6.0663  0.6374E+02  0.2450E+04 -0.6457E-04 -0.3623E-05  0.2076E+03  0.000
    3.6876  7  1   24.1111   82.4945    0.0000    0.0000    0.2160    1.2345    0.0283    0.1690    5.8634    6.0665  0.6537E+02  0.2443E+04 -0.6346E-04 -0.3634E-05  0.2081E+03  0.000
    3.6915  7  1   23.8700   82.4804    0.0000    0.0000    0.2139    1.2349    0.0282    0.1685    5.8584    6.0667  0.6696E+02  0.2436E+04 -0.6237E-04 -0.3646E-05  0.2086E+03  0.000
    3.6954  7  1   23.6313   82.4661    0.0000    0.0000    0.2118    1.2353    0.0280    0.1679    5.8533    6.0670  0.6850E+02  0.2428E+04 -0.6129E-04 -0.3657E-05  0.2091E+03  0.000
    3.6993  7  1   23.3950   82.4518    0.0000    0.0000    0.2097    1.2357    0.0279    0.1674    5.8482    6.0672  0.7000E+02  0.2421E+04 -0.6023E-04 -0.3668E-05  0.2096E+03  0.000
    3.7033  7  1   23.1610   82.4372    0.0000    0.0000    0.2075    1.2361    0.0278    0.1669    5.8431    6.0674  0.7147E+02  0.2414E+04 -0.5918E-04 -0.3680E-05  0.2101E+03  0.000
    3.7072  7  1   22.9294   82.4225    0.0000    0.0000    0.2054    1.2366    0.0277    0.1664    5.8380    6.0677  0.7289E+02  0.2406E+04 -0.5814E-04 -0.3691E-05  0.2106E+03  0.000
    3.7112  7  1   22.7001   82.4076    0.0000    0.0000    0.2033    1.2370    0.0275    0.1659    5.8328    6.0679  0.7428E+02  0.2399E+04 -0.5712E-04 -0.3702E-05  0.2111E+03  0.000
    3.7153  7  1   22.4731   82.3926    0.0000    0.0000    0.2012    1.2374    0.0274    0.1654    5.8276    6.0682  0.7564E+02  0.2391E+04 -0.5612E-04 -0.3713E-05  0.2116E+03  0.000
    3.7194  7  1   22.2484   82.3774    0.0000    0.0000    0.1992    1.2379    0.0273    0.1649    5.8224    6.0684  0.7697E+02  0.2383E+04 -0.5512E-04 -0.3725E-05  0.2121E+03  0.000
    3.7235  7  1   22.0259   82.3621    0.0000    0.0000    0.1971    1.2383    0.0272    0.1644    5.8172    6.0686  0.7827E+02  0.2376E+04 -0.5414E-04 -0.3736E-05  0.2125E+03  0.000
    3.7276  7  1   21.8056   82.3466    0.0000    0.0000    0.1950    1.2388    0.0271    0.1639    5.8120    6.0689  0.7954E+02  0.2368E+04 -0.5318E-04 -0.3747E-05  0.2130E+03  0.000
    3.7318  7  1   21.5876   82.3309    0.0000    0.0000    0.1929    1.2392    0.0269    0.1634    5.8068    6.0691  0.8080E+02  0.2360E+04 -0.5223E-04 -0.3759E-05  0.2135E+03  0.000
    3.7360  7  1   21.3717   82.3150    0.0000    0.0000    0.1909    1.2397    0.0268    0.1629    5.8015    6.0694  0.8203E+02  0.2352E+04 -0.5129E-04 -0.3770E-05  0.2140E+03  0.000
    3.7402  7  1   21.1580   82.2990    0.0000    0.0000    0.1888    1.2401    0.0267    0.1625    5.7962    6.0697  0.8324E+02  0.2344E+04 -0.5036E-04 -0.3781E-05  0.2144E+03  0.000
    3.7445  7  1   20.9464   82.2827    0.0000    0.0000    0.1868    1.2406    0.0266    0.1620    5.7909    6.0699  0.8443E+02  0.2336E+04 -0.4945E-04 -0.3793E-05  0.2149E+03  0.000
    3.7488  7  1   20.7369   82.2663    0.0000    0.0000    0.1847    1.2411    0.0265    0.1615    5.7855    6.0702  0.8560E+02  0.2328E+04 -0.4855E-04 -0.3804E-05  0.2154E+03  0.000
    3.7532  7  1   20.5296   82.2497    0.0000    0.0000    0.1827    1.2416    0.0264    0.1611    5.7802    6.0704  0.8676E+02  0.2320E+04 -0.4767E-04 -0.3815E-05  0.2159E+03  0.000
    3.7576  7  1   20.3243   82.2329    0.0000    0.0000    0.1806    1.2420    0.0263    0.1607    5.7748    6.0707  0.8791E+02  0.2312E+04 -0.4679E-04 -0.3827E-05  0.2163E+03  0.000
    3.7620  7  1   20.1210   82.2160    0.0000    0.0000    0.1786    1.2425    0.0262    0.1602    5.7694    6.0710  0.8905E+02  0.2304E+04 -0.4593E-04 -0.3838E-05  0.2168E+03  0.000
    3.7665  7  1   19.9198   82.1988    0.0000    0.0000    0.1765    1.2430    0.0260    0.1598    5.7640    6.0712  0.9017E+02  0.2296E+04 -0.4508E-04 -0.3850E-05  0.2172E+03  0.000
    3.7710  7  1   19.7206   82.1814    0.0000    0.0000    0.1745    1.2435    0.0259    0.1594    5.7586    6.0715  0.9129E+02  0.2287E+04 -0.4425E-04 -0.3861E-05  0.2177E+03  0.000
    3.7755  7  1   19.5234   82.1638    0.0000    0.0000    0.1724    1.2440    0.0258    0.1589    5.7531    6.0718  0.9240E+02  0.2279E+04 -0.4343E-04 -0.3873E-05  0.2182E+03  0.000
    3.7801  7  1   19.3282   82.1460    0.0000    0.0000    0.1704    1.2445    0.0257    0.1585    5.7476    6.0720  0.9351E+02  0.2270E+04 -0.4262E-04 -0.3885E-05  0.2186E+03  0.000
    3.7847  7  1   19.1349   82.1280    0.0000    0.0000    0.1684    1.2450    0.0256    0.1581    5.7421    6.0723  0.9462E+02  0.2262E+04 -0.4182E-04 -0.3896E-05  0.2191E+03  0.000
    3.7894  7  1   18.9436   82.1098    0.0000    0.0000    0.1663    1.2456    0.0255    0.1577    5.7366    6.0726  0.9572E+02  0.2253E+04 -0.4103E-04 -0.3908E-05  0.2195E+03  0.000
    3.7941  7  1   18.7541   82.0913    0.0000    0.0000    0.1642    1.2461    0.0254    0.1573    5.7311    6.0729  0.9683E+02  0.2245E+04 -0.4026E-04 -0.3920E-05  0.2200E+03  0.000
    3.7988  7  1   18.5666   82.0727    0.0000    0.0000    0.1622    1.2466    0.0253    0.1569    5.7255    6.0732  0.9793E+02  0.2236E+04 -0.3949E-04 -0.3931E-05  0.2204E+03  0.000
    3.8036  7  1   18.3809   82.0538    0.0000    0.0000    0.1601    1.2472    0.0252    0.1566    5.7199    6.0734  0.9904E+02  0.2227E+04 -0.3874E-04 -0.3943E-05  0.2209E+03  0.000
    3.8085  7  1   18.1971   82.0346    0.0000    0.0000    0.1580    1.2477    0.0251    0.1562    5.7143    6.0737  0.1002E+03  0.2218E+04 -0.3800E-04 -0.3955E-05  0.2213E+03  0.000
    3.8133  7  1   18.0151   82.0153    0.0000    0.0000    0.1559    1.2483    0.0250    0.1558    5.7087    6.0740  0.1013E+03  0.2209E+04 -0.3727E-04 -0.3967E-05  0.2217E+03  0.000
    3.8183  7  1   17.8350   81.9957    0.0000    0.0000    0.1538    1.2488    0.0249    0.1554    5.7031    6.0743  0.1024E+03  0.2200E+04 -0.3656E-04 -0.3979E-05  0.2222E+03  0.000
    3.8232  7  1   17.6566   81.9758    0.0000    0.0000    0.1517    1.2494    0.0248    0.1551    5.6974    6.0746  0.1036E+03  0.2191E+04 -0.3585E-04 -0.3992E-05  0.2226E+03  0.000
    3.8283  7  1   17.4801   81.9557    0.0000    0.0000    0.1496    1.2500    0.0247    0.1547    5.6917    6.0749  0.1047E+03  0.2182E+04 -0.3516E-04 -0.4004E-05  0.2231E+03  0.000
    3.8333  7  1   17.3053   81.9353    0.0000    0.0000    0.1474    1.2505    0.0246    0.1544    5.6860    6.0752  0.1059E+03  0.2172E+04 -0.3447E-04 -0.4016E-05  0.2235E+03  0.000
    3.8385  7  1   17.1322   81.9147    0.0000    0.0000    0.1452    1.2511    0.0245    0.1540    5.6803    6.0755  0.1071E+03  0.2163E+04 -0.3380E-04 -0.4029E-05  0.2239E+03  0.000
    3.8436  7  1   16.9609   81.8938    0.0000    0.0000    0.1430    1.2517    0.0244    0.1537    5.6745    6.0758  0.1083E+03  0.2153E+04 -0.3314E-04 -0.4041E-05  0.2244E+03  0.000
    3.8489  7  1   16.7913   81.8726    0.0000    0.0000    0.1408    1.2523    0.0243    0.1534    5.6688    6.0761  0.1096E+03  0.2144E+04 -0.3249E-04 -0.4054E-05  0.2248E+03  0.000
    3.8541  7  1   16.6234   81.8512    0.0000    0.0000    0.1385    1.2529    0.0242    0.1530    5.6630    6.0765  0.1109E+03  0.2134E+04 -0.3184E-04 -0.4066E-05  0.2252E+03  0.000
    3.8594  7  1   16.4571   81.8295    0.0000    0.0000    0.1362    1.2536    0.0241    0.1527    5.6572    6.0768  0.1122E+03  0.2124E+04 -0.3121E-04 -0.4079E-05  0.2257E+03  0.000
    3.8648  7  1   16.2926   81.8075    0.0000    0.0000    0.1339    1.2542    0.0239    0.1524    5.6513    6.0771  0.1135E+03  0.2115E+04 -0.3059E-04 -0.4092E-05  0.2261E+03  0.000
    3.8703  7  1   16.1296   81.7852    0.0000    0.0000    0.1315    1.2548    0.0238    0.1521    5.6455    6.0774  0.1149E+03  0.2105E+04 -0.2998E-04 -0.4105E-05  0.2265E+03  0.000
    3.8758  7  1   15.9683   81.7625    0.0000    0.0000    0.1291    1.2555    0.0237    0.1518    5.6396    6.0777  0.1163E+03  0.2095E+04 -0.2938E-04 -0.4118E-05  0.2269E+03  0.000
    3.8813  7  1   15.8087   81.7396    0.0000    0.0000    0.1266    1.2561    0.0236    0.1515    5.6337    6.0781  0.1178E+03  0.2085E+04 -0.2879E-04 -0.4132E-05  0.2273E+03  0.000
    3.8869  7  1   15.6506   81.7164    0.0000    0.0000    0.1241    1.2568    0.0235    0.1512    5.6278    6.0784  0.1193E+03  0.2074E+04 -0.2821E-04 -0.4145E-05  0.2278E+03  0.000
    3.8926  7  1   15.4941   81.6929    0.0000    0.0000    0.1214    1.2574    0.0234    0.1509    5.6218    6.0787  0.1209E+03  0.2064E+04 -0.2764E-04 -0.4158E-05  0.2282E+03  0.000
    3.8983  7  1   15.3391   81.6690    0.0000    0.0000    0.1188    1.2581    0.0232    0.1506    5.6158    6.0791  0.1225E+03  0.2054E+04 -0.2708E-04 -0.4172E-05  0.2286E+03  0.000
    3.9041  7  1   15.1857   81.6448    0.0000    0.0000    0.1160    1.2588    0.0231    0.1504    5.6099    6.0794  0.1243E+03  0.2043E+04 -0.2652E-04 -0.4186E-05  0.2290E+03  0.000
    3.9099  7  1   15.0339   81.6202    0.0000    0.0000    0.1132    1.2595    0.0230    0.1501    5.6038    6.0798  0.1260E+03  0.2033E+04 -0.2598E-04 -0.4200E-05  0.2294E+03  0.000
    3.9158  7  1   14.8835   81.5953    0.0000    0.0000    0.1103    1.2602    0.0229    0.1498    5.5978    6.0801  0.1279E+03  0.2022E+04 -0.2545E-04 -0.4214E-05  0.2299E+03  0.000
    3.9218  7  1   14.7347   81.5701    0.0000    0.0000    0.1072    1.2609    0.0227    0.1496    5.5918    6.0805  0.1299E+03  0.2011E+04 -0.2492E-04 -0.4229E-05  0.2303E+03  0.000
    3.9278  7  1   14.5874   81.5445    0.0000    0.0000    0.1041    1.2616    0.0226    0.1493    5.5857    6.0808  0.1320E+03  0.2000E+04 -0.2441E-04 -0.4243E-05  0.2307E+03  0.000
    3.9339  7  1   14.4415   81.5185    0.0000    0.0000    0.1008    1.2624    0.0224    0.1491    5.5796    6.0812  0.1342E+03  0.1989E+04 -0.2390E-04 -0.4258E-05  0.2311E+03  0.000
    3.9401  7  1   14.2971   81.4921    0.0000    0.0000    0.0974    1.2631    0.0223    0.1488    5.5735    6.0815  0.1365E+03  0.1978E+04 -0.2340E-04 -0.4273E-05  0.2315E+03  0.000
    3.9463  7  1   14.1541   81.4653    0.0000    0.0000    0.0939    1.2639    0.0221    0.1486    5.5673    6.0819  0.1389E+03  0.1967E+04 -0.2291E-04 -0.4288E-05  0.2319E+03  0.000
    3.9527  7  1   14.0126   81.4382    0.0000    0.0000    0.0902    1.2646    0.0219    0.1484    5.5611    6.0823  0.1416E+03  0.1956E+04 -0.2243E-04 -0.4303E-05  0.2323E+03  0.000
    3.9590  7  1   13.8724   81.4106    0.0000    0.0000    0.0863    1.2654    0.0218    0.1482    5.5550    6.0827  0.1443E+03  0.1944E+04 -0.2196E-04 -0.4319E-05  0.2327E+03  0.000
    3.9655  7  1   13.7337   81.3826    0.0000    0.0000    0.0823    1.2662    0.0216    0.1479    5.5487    6.0830  0.1473E+03  0.1933E+04 -0.2149E-04 -0.4335E-05  0.2331E+03  0.000
    3.9720  7  1   13.5964   81.3542    0.0000    0.0000    0.0781    1.2670    0.0214    0.1477    5.5425    6.0834  0.1505E+03  0.1921E+04 -0.2104E-04 -0.4351E-05  0.2335E+03  0.000
    3.9786  7  1   13.4604   81.3254    0.0000    0.0000    0.0736    1.2678    0.0212    0.1475    5.5363    6.0838  0.1539E+03  0.1909E+04 -0.2059E-04 -0.4367E-05  0.2339E+03  0.000
    3.9853  7  1   13.3258   81.2961    0.0000    0.0000    0.0689    1.2687    0.0210    0.1473    5.5300    6.0842  0.1576E+03  0.1897E+04 -0.2015E-04 -0.4384E-05  0.2343E+03  0.000
    3.9921  7  1   13.1925   81.2664    0.0000    0.0000    0.0639    1.2695    0.0208    0.1471    5.5237    6.0846  0.1616E+03  0.1885E+04 -0.1972E-04 -0.4400E-05  0.2347E+03  0.000
    3.9989  7  1   13.0606   81.2362    0.0000    0.0000    0.0587    1.2704    0.0206    0.1470    5.5174    6.0850  0.1659E+03  0.1873E+04 -0.1929E-04 -0.4417E-05  0.2351E+03  0.000
    4.0058  7  1   12.9300   81.2055    0.0000    0.0000    0.0531    1.2712    0.0203    0.1468    5.5110    6.0854  0.1706E+03  0.1861E+04 -0.1888E-04 -0.4435E-05  0.2355E+03  0.000
    4.0128  7  1   12.8007   81.1743    0.0000    0.0000    0.0472    1.2721    0.0201    0.1466    5.5046    6.0858  0.1757E+03  0.1849E+04 -0.1847E-04 -0.4452E-05  0.2359E+03  0.000
    4.0199  7  1   12.6727   81.1426    0.0000    0.0000    0.0409    1.2730    0.0198    0.1464    5.4982    6.0862  0.1813E+03  0.1836E+04 -0.1806E-04 -0.4470E-05  0.2363E+03  0.000
    4.0271  7  1   12.5460   81.1104    0.0000    0.0000    0.0342    1.2739    0.0195    0.1463    5.4918    6.0867  0.1875E+03  0.1824E+04 -0.1767E-04 -0.4489E-05  0.2367E+03  0.000
    4.0305  7  1   12.4867   81.0950    0.0000    0.0000    0.0309    1.2743    0.0194    0.1462    5.4888    6.0869  0.1906E+03  0.1817E+04 -0.1728E-04 -0.4507E-05  0.2369E+03  0.000
    4.0305  7  1   12.4866   81.0949    0.0000    0.0000    0.0308    1.2744    0.0194    0.1462    5.4888    6.0869  0.1906E+03  0.1817E+04 -0.1710E-04 -0.4516E-05  0.2369E+03  0.000
    4.0305  8  1   12.4866   81.0949    8.8565    0.0000    0.0308    1.2744    0.0194    0.1462    5.4888    6.0869  0.9683E+03  0.1817E+04 -0.1710E-04 -0.4516E-05  0.2369E+03  0.000
    4.0314  8  1   12.4712   81.0909    8.8788    0.0000    0.0320    1.2745    0.0194    0.1462    5.4943    6.0869  0.9483E+03  0.1816E+04 -0.1710E-04 -0.4516E-05  0.2370E+03  0.000
    4.0323  8  1   12.4557   81.0869    8.9011    0.0000    0.0331    1.2746    0.0195    0.1462    5.4997    6.0870  0.9282E+03  0.1814E+04 -0.1743E-04 -0.4514E-05  0.2370E+03  0.000
    4.0332  8  1   12.4401   81.0829    8.9235    0.0000    0.0342    1.2747    0.0195    0.1462    5.5052    6.0870  0.9080E+03  0.1813E+04 -0.1776E-04 -0.4512E-05  0.2371E+03  0.000
    4.0341  8  1   12.4243   81.0790    8.9460    0.0000    0.0354    1.2748    0.0196    0.1461    5.5106    6.0871  0.8876E+03  0.1811E+04 -0.1810E-04 -0.4509E-05  0.2371E+03  0.000
    4.0349  8  1   12.4084   81.0751    8.9685    0.0000    0.0365    1.2749    0.0196    0.1461    5.5161    6.0871  0.8672E+03  0.1810E+04 -0.1844E-04 -0.4507E-05  0.2372E+03  0.000
    4.0358  8  1   12.3923   81.0712    8.9911    0.0000    0.0377    1.2750    0.0197    0.1461    5.5215    6.0872  0.8467E+03  0.1808E+04 -0.1879E-04 -0.4504E-05  0.2372E+03  0.000
    4.0366  8  1   12.3761   81.0674    9.0137    0.0000    0.0389    1.2751    0.0197    0.1461    5.5270    6.0872  0.8262E+03  0.1807E+04 -0.1915E-04 -0.4502E-05  0.2373E+03  0.000
    4.0375  8  1   12.3598   81.0637    9.0364    0.0000    0.0401    1.2752    0.0198    0.1460    5.5325    6.0873  0.8056E+03  0.1805E+04 -0.1952E-04 -0.4499E-05  0.2373E+03  0.000
    4.0383  8  1   12.3433   81.0599    9.0591    0.0000    0.0413    1.2753    0.0199    0.1460    5.5379    6.0873  0.7850E+03  0.1804E+04 -0.1989E-04 -0.4496E-05  0.2374E+03  0.000
    4.0391  8  1   12.3267   81.0563    9.0819    0.0000    0.0425    1.2754    0.0199    0.1460    5.5434    6.0874  0.7643E+03  0.1802E+04 -0.2027E-04 -0.4492E-05  0.2374E+03  0.000
    4.0399  8  1   12.3099   81.0526    9.1047    0.0000    0.0438    1.2756    0.0200    0.1460    5.5488    6.0874  0.7436E+03  0.1801E+04 -0.2065E-04 -0.4489E-05  0.2375E+03  0.000
    4.0407  8  1   12.2930   81.0490    9.1276    0.0000    0.0450    1.2757    0.0200    0.1459    5.5543    6.0875  0.7230E+03  0.1800E+04 -0.2104E-04 -0.4486E-05  0.2375E+03  0.000
    4.0415  8  1   12.2759   81.0454    9.1506    0.0000    0.0463    1.2758    0.0201    0.1459    5.5597    6.0875  0.7023E+03  0.1798E+04 -0.2144E-04 -0.4482E-05  0.2376E+03  0.000
    4.0423  8  1   12.2587   81.0419    9.1736    0.0000    0.0476    1.2759    0.0202    0.1459    5.5652    6.0875  0.6817E+03  0.1797E+04 -0.2185E-04 -0.4478E-05  0.2376E+03  0.000
    4.0431  8  1   12.2413   81.0384    9.1967    0.0000    0.0489    1.2760    0.0202    0.1459    5.5706    6.0876  0.6611E+03  0.1795E+04 -0.2227E-04 -0.4474E-05  0.2377E+03  0.000
    4.0439  8  1   12.2238   81.0350    9.2198    0.0000    0.0503    1.2761    0.0203    0.1458    5.5761    6.0876  0.6406E+03  0.1794E+04 -0.2269E-04 -0.4470E-05  0.2377E+03  0.000
    4.0446  8  1   12.2061   81.0315    9.2430    0.0000    0.0516    1.2762    0.0204    0.1458    5.5816    6.0877  0.6201E+03  0.1793E+04 -0.2312E-04 -0.4465E-05  0.2378E+03  0.000
    4.0454  8  1   12.1883   81.0282    9.2663    0.0000    0.0530    1.2763    0.0204    0.1458    5.5870    6.0877  0.5997E+03  0.1791E+04 -0.2356E-04 -0.4461E-05  0.2378E+03  0.000
    4.0461  8  1   12.1703   81.0248    9.2896    0.0000    0.0544    1.2763    0.0205    0.1457    5.5925    6.0878  0.5794E+03  0.1790E+04 -0.2401E-04 -0.4456E-05  0.2379E+03  0.000
    4.0465  8  1   12.1605   81.0231    9.3021    0.0000    0.0552    1.2764    0.0205    0.1457    5.5954    6.0878  0.5687E+03  0.1789E+04 -0.2447E-04 -0.4451E-05  0.2379E+03  0.000
    4.0465 14  1   12.1605   81.0230   12.1605    0.0000   -4.2877    1.2764    0.0000    0.1458  -10.0000    6.0878  0.2000E+09  0.1789E+04 -0.2472E-04 -0.4448E-05  0.2378E+03  0.000
    4.1465 14  1   12.1610   80.5538   12.1610    0.0000   -4.2877    1.2896    0.0000    0.1497  -10.0000    6.0936  0.3170E+11  0.1616E+04  0.5021E-08 -0.4693E-05  0.2390E+03  0.000
    4.3114 14  1   12.1619   79.7482   12.1619    0.0000   -4.2876    1.3132    0.0000    0.1569  -10.0000    6.1031  0.8635E+11  0.1341E+04  0.5505E-08 -0.4885E-05  0.2410E+03  0.000
    4.4637 14  1   12.1629   78.9508   12.1629    0.0000   -4.2876    1.3374    0.0000    0.1648  -10.0000    6.1117  0.1412E+12  0.1100E+04  0.6472E-08 -0.5237E-05  0.2431E+03  0.000
    4.6045 14  1   12.1640   78.1612   12.1640    0.0000   -4.2876    1.3623    0.0000    0.1733  -10.0000    6.1195  0.1864E+12  0.8926E+03  0.7608E-08 -0.5607E-05  0.2452E+03  0.000
    4.7349 14  1   12.1652   77.3796   12.1652    0.0000   -4.2875    1.3880    0.0000    0.1826  -10.0000    6.1263  0.1864E+12  0.7150E+03  0.8948E-08 -0.5994E-05  0.2473E+03  0.000
    4.8557 14  1   12.1664   76.6058   12.1664    0.0000   -4.2875    1.4148    0.0000    0.1928  -10.0000    6.1323  0.1864E+12  0.5649E+03  0.1054E-07 -0.6403E-05  0.2494E+03  0.000
    4.9678 14  1   12.1678   75.8398   12.1678    0.0000   -4.2874    1.4427    0.0000    0.2042  -10.0000    6.1375  0.1863E+12  0.4397E+03  0.1244E-07 -0.6836E-05  0.2515E+03  0.000
    5.0717 14  1   12.1694   75.0814   12.1694    0.0000   -4.2874    1.4720    0.0000    0.2170  -10.0000    6.1418  0.1863E+12  0.3368E+03  0.1473E-07 -0.7297E-05  0.2537E+03  0.000
    5.1681 14  1   12.1711   74.3306   12.1711    0.0000   -4.2873    1.5026    0.0000    0.2313  -10.0000    6.1454  0.1863E+12  0.2536E+03  0.1750E-07 -0.7790E-05  0.2558E+03  0.000
    5.2575 14  1   12.1729   73.5873   12.1729    0.0000   -4.2872    1.5346    0.0000    0.2473  -10.0000    6.1482  0.1863E+12  0.1875E+03  0.2087E-07 -0.8319E-05  0.2580E+03  0.000
    5.3403 14  1   12.1750   72.8514   12.1750    0.0000   -4.2872    1.5680    0.0000    0.2652  -10.0000    6.1502  0.1862E+12  0.1361E+03  0.2498E-07 -0.8888E-05  0.2601E+03  0.000
    5.4169 14  1   12.1773   72.1229   12.1773    0.0000   -4.2871    1.6026    0.0000    0.2853  -10.0000    6.1516  0.1862E+12  0.9690E+02  0.2999E-07 -0.9499E-05  0.2623E+03  0.000
    5.4880 14  1   12.1799   71.4016   12.1799    0.0000   -4.2870    1.6382    0.0000    0.3076  -10.0000    6.1523  0.1861E+12  0.6770E+02  0.3610E-07 -0.1015E-04  0.2645E+03  0.000
    5.5537 14  1   12.1827   70.6876   12.1827    0.0000   -4.2869    1.6747    0.0000    0.3324  -10.0000    6.1523  0.1861E+12  0.4645E+02  0.4351E-07 -0.1086E-04  0.2666E+03  0.000
    5.6147 14  1   12.1859   69.9808   12.1859    0.0000   -4.2868    1.7117    0.0000    0.3597  -10.0000    6.1518  0.1860E+12  0.3140E+02  0.5246E-07 -0.1160E-04  0.2688E+03  0.000
    5.6711 14  1   12.1895   69.2809   12.1895    0.0000   -4.2866    1.7492    0.0000    0.3897  -10.0000    6.1507  0.1860E+12  0.2111E+02  0.6321E-07 -0.1239E-04  0.2709E+03  0.000
    5.7235 14  1   12.1935   68.5881   12.1935    0.0000   -4.2865    1.7868    0.0000    0.4224  -10.0000    6.1491  0.1859E+12  0.1443E+02  0.7602E-07 -0.1323E-04  0.2730E+03  0.000
    5.7721 14  1   12.1979   67.9023   12.1979    0.0000   -4.2863    1.8243    0.0000    0.4580  -10.0000    6.1471  0.1858E+12  0.1058E+02  0.9118E-07 -0.1410E-04  0.2749E+03  0.000
    5.8084 14  1   12.2018   67.3585   12.2018    0.0000   -4.2862    1.6951    0.0000    0.3388  -10.0000    6.1697  0.1858E+12  0.1704E+02  0.1090E-06 -0.1501E-04  0.2763E+03  0.000
    5.8085 14  1   12.2018   67.3571   12.2018    0.0000   -4.2862    1.6938    0.0000    0.3378  -10.0000    6.1699  0.1858E+12  0.1711E+02  0.6339E-07 -0.1257E-04  0.2763E+03  0.000
    5.8085 14  2   12.2018   67.3571   12.2018   28.3001   -4.2862    1.6784    0.0000    0.3261  -10.0000    6.1699  0.1858E+12  0.3097E+02  0.6302E-07 -0.1254E-04  0.2763E+03  0.000
    5.8086 14  2   12.2019   67.3478   12.2019   28.3284   -4.2862    1.7628    0.0000    0.3959  -10.0000    6.1703  0.1859E+12  0.2260E+02  0.2622E-06 -0.5469E-04  0.2764E+03  0.000
    5.8088 14  2   12.2020   67.3384   12.2020   28.3567   -4.2862    1.8471    0.0000    0.4808  -10.0000    6.1708  0.1859E+12  0.1629E+02  0.3381E-06 -0.5488E-04  0.2764E+03  0.000
    5.8090 14  2   12.2020   67.3290   12.2020   28.3850   -4.2862    1.9314    0.0000    0.5838  -10.0000    6.1713  0.1859E+12  0.1162E+02  0.4298E-06 -0.5508E-04  0.2764E+03  0.000
    5.8092 14  2   12.2021   67.3180   12.2021   28.4133   -4.2862    2.0158    0.0000    0.7088  -10.0000    6.1717  0.1859E+12  0.8212E+01  0.6314E-06 -0.6475E-04  0.2765E+03  0.000
    5.8093 14  2   12.2078   66.8472   12.2078   28.4416   -4.2860    2.1003    0.0000    0.8578  -10.0000    6.1722  0.1856E+12  0.3734E+01  0.3317E-04 -0.2761E-02  0.2778E+03  0.000
    5.8094 14  2   12.2177   66.1787   12.2177   28.4465   -4.2856    2.1150    0.0000    0.8829  -10.0000    6.1723  0.1853E+12  0.1618E+01  0.3363E-03 -0.2280E-01  0.2797E+03  0.000
    5.8094 14  2   12.2279   65.5169   12.2279   28.4501   -4.2853    2.1260    0.0000    0.9012  -10.0000    6.1723  0.1852E+12  0.7013E+00  0.4675E-03 -0.3026E-01  0.2816E+03  0.000
    5.8094 14  2   12.2384   64.8617   12.2384   28.4530   -4.2849    2.1350    0.0000    0.9156  -10.0000    6.1724  0.1850E+12  0.3034E+00  0.5944E-03 -0.3703E-01  0.2835E+03  0.000
    5.8094 14  2   12.2492   64.2131   12.2492   28.4555   -4.2845    2.1426    0.0000    0.9274  -10.0000    6.1724  0.1848E+12  0.1316E+00  0.7202E-03 -0.4339E-01  0.2854E+03  0.000
    5.8094 14  2   12.2601   63.5710   12.2601   28.4577   -4.2841    2.1493    0.0000    0.9373  -10.0000    6.1725  0.1847E+12  0.5812E-01  0.8463E-03 -0.4946E-01  0.2872E+03  0.000
    5.8094 14  2   12.2713   62.9353   12.2713   28.4596   -4.2837    2.1553    0.0000    0.9458  -10.0000    6.1725  0.1845E+12  0.2689E-01  0.9736E-03 -0.5530E-01  0.2891E+03  0.000
    5.8094 14  2   12.2827   62.3059   12.2827   28.4613   -4.2833    2.1606    0.0000    0.9531  -10.0000    6.1725  0.1843E+12  0.1372E-01  0.1102E-02 -0.6096E-01  0.2910E+03  0.000
    5.8095 14  2   12.2943   61.6829   12.2943   28.4628   -4.2829    2.1655    0.0000    0.9595  -10.0000    6.1726  0.1841E+12  0.8166E-02  0.1233E-02 -0.6646E-01  0.2928E+03  0.000
    5.8095 14  2   12.3060   61.0660   12.3060   28.4643   -4.2825    2.1700    0.0000    0.9651  -10.0000    6.1726  0.1838E+12  0.5799E-02  0.1366E-02 -0.7182E-01  0.2947E+03  0.000
    5.8095 14  2   12.3179   60.4554   12.3179   28.4656   -4.2821    2.1742    0.0000    0.9701  -10.0000    6.1726  0.1834E+12  0.4751E-02  0.1501E-02 -0.7707E-01  0.2965E+03  0.000
    5.8095 14  2   12.3300   59.8508   12.3300   28.4668   -4.2817    2.1781    0.0000    0.9745  -10.0000    6.1726  0.1830E+12  0.4245E-02  0.1639E-02 -0.8220E-01  0.2984E+03  0.000
    5.8095 14  2   12.3422   59.2523   12.3422   28.4679   -4.2812    2.1817    0.0000    0.9785  -10.0000    6.1726  0.1825E+12  0.3962E-02  0.1779E-02 -0.8724E-01  0.3002E+03  0.000
    5.8095 14  2   12.3545   58.6598   12.3545   28.4690   -4.2808    2.1852    0.0000    0.9820  -10.0000    6.1727  0.1821E+12  0.3774E-02  0.1922E-02 -0.9218E-01  0.3021E+03  0.000
    5.8095 14  2   12.3670   58.0732   12.3670   28.4700   -4.2804    2.1884    0.0000    0.9851  -10.0000    6.1727  0.1816E+12  0.3626E-02  0.2067E-02 -0.9704E-01  0.3040E+03  0.000
    5.8095 14  2   12.3797   57.4925   12.3797   28.4710   -4.2799    2.1915    0.0000    0.9879  -10.0000    6.1727  0.1812E+12  0.3500E-02  0.2216E-02 -0.1018E+00  0.3058E+03  0.000
    5.8095 14  2   12.3924   56.9175   12.3924   28.4718   -4.2795    2.1944    0.0000    0.9904  -10.0000    6.1727  0.1807E+12  0.3385E-02  0.2367E-02 -0.1065E+00  0.3077E+03  0.000
    5.8095 14  2   12.4053   56.3484   12.4053   28.4727   -4.2790    2.1971    0.0000    0.9926  -10.0000    6.1727  0.1803E+12  0.3278E-02  0.2521E-02 -0.1111E+00  0.3095E+03  0.000
    5.8095 14  2   12.4184   55.7849   12.4184   28.4735   -4.2786    2.1998    0.0000    0.9945  -10.0000    6.1727  0.1798E+12  0.3178E-02  0.2678E-02 -0.1157E+00  0.3114E+03  0.000
    5.8095 14  2   12.4316   55.2270   12.4316   28.4743   -4.2781    2.2023    0.0000    0.9963  -10.0000    6.1728  0.1793E+12  0.3084E-02  0.2839E-02 -0.1202E+00  0.3132E+03  0.000
    5.8095 14  2   12.4449   54.6748   12.4449   28.4750   -4.2776    2.2047    0.0000    0.9978  -10.0000    6.1728  0.1788E+12  0.2994E-02  0.3002E-02 -0.1246E+00  0.3151E+03  0.000
    5.8095 14  2   12.4583   54.1280   12.4583   28.4757   -4.2772    2.2070    0.0000    0.9992  -10.0000    6.1728  0.1784E+12  0.2909E-02  0.3168E-02 -0.1289E+00  0.3169E+03  0.000
    5.8095 14  2   12.4719   53.5867   12.4719   28.4764   -4.2767    2.2092    0.0000    1.0004  -10.0000    6.1728  0.1779E+12  0.2828E-02  0.0000E+00  0.0000E+00  0.3188E+03  0.000
    5.8095 14  7   12.4719   28.4764   12.4719    0.0000   -4.2767    0.2488    0.0000    0.2248  -10.0000    5.9241  0.1779E+12  0.2828E-02  0.1357E+05 -0.2565E+08  0.1746E+02  0.000
    5.8095 14  7   12.4719   28.4764   12.4719    0.0000   -4.2767    0.2488    0.0000    0.2248  -10.0000    5.9241  0.1779E+12  0.2828E-02  0.3338E-02 -0.1332E+00  0.1746E+02  0.000
    5.8132 14  7   12.4753   28.1916   12.4753    0.0000   -4.2766    0.2465    0.0000    0.2226  -10.0000    5.9196  0.1777E+12  0.1729E+00  0.9159E-06 -0.7693E-04  0.1758E+02  0.000
    5.8170 14  7   12.4786   27.9097   12.4786    0.0000   -4.2765    0.2443    0.0000    0.2205  -10.0000    5.9151  0.1776E+12  0.3172E+00  0.9036E-06 -0.7575E-04  0.1769E+02  0.000
    5.8207 14  7   12.4820   27.6306   12.4820    0.0000   -4.2764    0.2420    0.0000    0.2184  -10.0000    5.9105  0.1774E+12  0.4390E+00  0.8915E-06 -0.7457E-04  0.1780E+02  0.000
    5.8245 14  7   12.4853   27.3543   12.4853    0.0000   -4.2762    0.2398    0.0000    0.2163  -10.0000    5.9059  0.1773E+12  0.5410E+00  0.8794E-06 -0.7341E-04  0.1791E+02  0.000
    5.8283 14  7   12.4886   27.0808   12.4886    0.0000   -4.2761    0.2375    0.0000    0.2143  -10.0000    5.9013  0.1772E+12  0.6256E+00  0.8674E-06 -0.7226E-04  0.1803E+02  0.000
    5.8321 14  7   12.4918   26.8100   12.4918    0.0000   -4.2760    0.2353    0.0000    0.2123  -10.0000    5.8967  0.1770E+12  0.6951E+00  0.8556E-06 -0.7112E-04  0.1814E+02  0.000
    5.8359 14  7   12.4951   26.5419   12.4951    0.0000   -4.2759    0.2331    0.0000    0.2103  -10.0000    5.8921  0.1769E+12  0.7513E+00  0.8438E-06 -0.7000E-04  0.1826E+02  0.000
    5.8397 14  7   12.4983   26.2764   12.4983    0.0000   -4.2758    0.2308    0.0000    0.2084  -10.0000    5.8874  0.1767E+12  0.7960E+00  0.8322E-06 -0.6889E-04  0.1837E+02  0.000
    5.8436 14  7   12.5014   26.0137   12.5014    0.0000   -4.2757    0.2286    0.0000    0.2065  -10.0000    5.8828  0.1766E+12  0.8306E+00  0.8207E-06 -0.6779E-04  0.1849E+02  0.000
    5.8475 14  7   12.5046   25.7535   12.5046    0.0000   -4.2756    0.2264    0.0000    0.2046  -10.0000    5.8780  0.1765E+12  0.8564E+00  0.8093E-06 -0.6670E-04  0.1860E+02  0.000
    5.8514 14  7   12.5077   25.4960   12.5077    0.0000   -4.2755    0.2242    0.0000    0.2027  -10.0000    5.8733  0.1763E+12  0.8746E+00  0.7979E-06 -0.6563E-04  0.1872E+02  0.000
    5.8554 14  7   12.5108   25.2410   12.5108    0.0000   -4.2753    0.2220    0.0000    0.2008  -10.0000    5.8686  0.1762E+12  0.8863E+00  0.7868E-06 -0.6456E-04  0.1883E+02  0.000
    5.8594 14  7   12.5139   24.9886   12.5139    0.0000   -4.2752    0.2199    0.0000    0.1990  -10.0000    5.8638  0.1761E+12  0.8924E+00  0.7757E-06 -0.6351E-04  0.1895E+02  0.000
    5.8634 14  7   12.5170   24.7387   12.5170    0.0000   -4.2751    0.2177    0.0000    0.1972  -10.0000    5.8590  0.1760E+12  0.8935E+00  0.7647E-06 -0.6247E-04  0.1907E+02  0.000
    5.8674 14  7   12.5200   24.4914   12.5200    0.0000   -4.2750    0.2155    0.0000    0.1955  -10.0000    5.8542  0.1758E+12  0.8906E+00  0.7538E-06 -0.6145E-04  0.1919E+02  0.000
    5.8714 14  7   12.5230   24.2464   12.5230    0.0000   -4.2749    0.2134    0.0000    0.1937  -10.0000    5.8493  0.1757E+12  0.8840E+00  0.7431E-06 -0.6043E-04  0.1930E+02  0.000
    5.8755 14  7   12.5260   24.0040   12.5260    0.0000   -4.2748    0.2112    0.0000    0.1920  -10.0000    5.8445  0.1756E+12  0.8745E+00  0.7325E-06 -0.5943E-04  0.1942E+02  0.000
    5.8796 14  7   12.5290   23.7639   12.5290    0.0000   -4.2747    0.2091    0.0000    0.1903  -10.0000    5.8396  0.1755E+12  0.8625E+00  0.7219E-06 -0.5844E-04  0.1954E+02  0.000
    5.8838 14  7   12.5319   23.5263   12.5319    0.0000   -4.2746    0.2070    0.0000    0.1886  -10.0000    5.8347  0.1753E+12  0.8484E+00  0.7115E-06 -0.5746E-04  0.1966E+02  0.000
    5.8879 14  7   12.5348   23.2910   12.5348    0.0000   -4.2745    0.2049    0.0000    0.1869  -10.0000    5.8298  0.1752E+12  0.8326E+00  0.7012E-06 -0.5650E-04  0.1978E+02  0.000
    5.8921 14  7   12.5377   23.0581   12.5377    0.0000   -4.2744    0.2028    0.0000    0.1853  -10.0000    5.8248  0.1751E+12  0.8153E+00  0.6910E-06 -0.5555E-04  0.1990E+02  0.000
    5.8963 14  7   12.5406   22.8275   12.5406    0.0000   -4.2743    0.2007    0.0000    0.1837  -10.0000    5.8198  0.1750E+12  0.7969E+00  0.6810E-06 -0.5460E-04  0.2002E+02  0.000
    5.9006 14  7   12.5435   22.5993   12.5435    0.0000   -4.2742    0.1986    0.0000    0.1821  -10.0000    5.8148  0.1749E+12  0.7777E+00  0.6710E-06 -0.5367E-04  0.2014E+02  0.000
    5.9049 14  7   12.5463   22.3733   12.5463    0.0000   -4.2741    0.1965    0.0000    0.1805  -10.0000    5.8098  0.1747E+12  0.7577E+00  0.6612E-06 -0.5276E-04  0.2026E+02  0.000
    5.9092 14  7   12.5491   22.1495   12.5491    0.0000   -4.2740    0.1944    0.0000    0.1790  -10.0000    5.8048  0.1746E+12  0.7373E+00  0.6514E-06 -0.5185E-04  0.2038E+02  0.000
    5.9135 14  7   12.5519   21.9281   12.5519    0.0000   -4.2739    0.1923    0.0000    0.1775  -10.0000    5.7997  0.1745E+12  0.7166E+00  0.6418E-06 -0.5095E-04  0.2050E+02  0.000
    5.9179 14  7   12.5547   21.7088   12.5547    0.0000   -4.2738    0.1903    0.0000    0.1760  -10.0000    5.7946  0.1744E+12  0.6957E+00  0.6323E-06 -0.5007E-04  0.2062E+02  0.000
    5.9223 14  7   12.5574   21.4917   12.5574    0.0000   -4.2737    0.1882    0.0000    0.1745  -10.0000    5.7895  0.1743E+12  0.6747E+00  0.6229E-06 -0.4920E-04  0.2074E+02  0.000
    5.9268 14  7   12.5602   21.2768   12.5602    0.0000   -4.2736    0.1862    0.0000    0.1730  -10.0000    5.7844  0.1742E+12  0.6538E+00  0.6136E-06 -0.4834E-04  0.2087E+02  0.000
    5.9313 14  7   12.5629   21.0640   12.5629    0.0000   -4.2735    0.1841    0.0000    0.1716  -10.0000    5.7793  0.1740E+12  0.6330E+00  0.6044E-06 -0.4749E-04  0.2099E+02  0.000
    5.9358 14  7   12.5655   20.8534   12.5655    0.0000   -4.2735    0.1821    0.0000    0.1701  -10.0000    5.7741  0.1739E+12  0.6124E+00  0.5953E-06 -0.4665E-04  0.2111E+02  0.000
    5.9403 14  7   12.5682   20.6448   12.5682    0.0000   -4.2734    0.1801    0.0000    0.1687  -10.0000    5.7689  0.1738E+12  0.5921E+00  0.5863E-06 -0.4583E-04  0.2123E+02  0.000
    5.9449 14  7   12.5709   20.4384   12.5709    0.0000   -4.2733    0.1780    0.0000    0.1673  -10.0000    5.7637  0.1737E+12  0.5721E+00  0.5775E-06 -0.4501E-04  0.2136E+02  0.000
    5.9495 14  7   12.5735   20.2340   12.5735    0.0000   -4.2732    0.1760    0.0000    0.1660  -10.0000    5.7584  0.1736E+12  0.5524E+00  0.5687E-06 -0.4421E-04  0.2148E+02  0.000
    5.9542 14  7   12.5761   20.0317   12.5761    0.0000   -4.2731    0.1740    0.0000    0.1646  -10.0000    5.7532  0.1735E+12  0.5332E+00  0.5600E-06 -0.4342E-04  0.2160E+02  0.000
    5.9589 14  7   12.5787   19.8313   12.5787    0.0000   -4.2730    0.1720    0.0000    0.1633  -10.0000    5.7479  0.1734E+12  0.5143E+00  0.5515E-06 -0.4263E-04  0.2173E+02  0.000
    5.9636 14  7   12.5813   19.6330   12.5813    0.0000   -4.2729    0.1700    0.0000    0.1620  -10.0000    5.7426  0.1733E+12  0.4960E+00  0.5430E-06 -0.4186E-04  0.2185E+02  0.000
    5.9684 14  7   12.5838   19.4367   12.5838    0.0000   -4.2728    0.1680    0.0000    0.1606  -10.0000    5.7373  0.1732E+12  0.4781E+00  0.5347E-06 -0.4110E-04  0.2198E+02  0.000
    5.9732 14  7   12.5864   19.2423   12.5864    0.0000   -4.2727    0.1660    0.0000    0.1594  -10.0000    5.7319  0.1731E+12  0.4606E+00  0.5264E-06 -0.4035E-04  0.2210E+02  0.000
    5.9781 14  7   12.5889   19.0499   12.5889    0.0000   -4.2726    0.1640    0.0000    0.1581  -10.0000    5.7265  0.1730E+12  0.4437E+00  0.5183E-06 -0.3962E-04  0.2223E+02  0.000
    5.9830 14  7   12.5914   18.8594   12.5914    0.0000   -4.2726    0.1620    0.0000    0.1568  -10.0000    5.7211  0.1729E+12  0.4273E+00  0.5102E-06 -0.3889E-04  0.2235E+02  0.000
    5.9879 14  7   12.5939   18.6708   12.5939    0.0000   -4.2725    0.1600    0.0000    0.1556  -10.0000    5.7157  0.1728E+12  0.4113E+00  0.5022E-06 -0.3817E-04  0.2248E+02  0.000
    5.9929 14  7   12.5963   18.4841   12.5963    0.0000   -4.2724    0.1581    0.0000    0.1543  -10.0000    5.7103  0.1727E+12  0.3959E+00  0.4944E-06 -0.3746E-04  0.2260E+02  0.000
    5.9979 14  7   12.5988   18.2993   12.5988    0.0000   -4.2723    0.1561    0.0000    0.1531  -10.0000    5.7048  0.1726E+12  0.3809E+00  0.4866E-06 -0.3676E-04  0.2273E+02  0.000
    6.0030 14  7   12.6012   18.1163   12.6012    0.0000   -4.2722    0.1541    0.0000    0.1519  -10.0000    5.6993  0.1725E+12  0.3665E+00  0.4789E-06 -0.3608E-04  0.2285E+02  0.000
    6.0081 14  7   12.6036   17.9351   12.6036    0.0000   -4.2721    0.1521    0.0000    0.1507  -10.0000    5.6938  0.1724E+12  0.3525E+00  0.4713E-06 -0.3540E-04  0.2298E+02  0.000
    6.0133 14  7   12.6060   17.7558   12.6060    0.0000   -4.2721    0.1501    0.0000    0.1495  -10.0000    5.6883  0.1723E+12  0.3391E+00  0.4637E-06 -0.3473E-04  0.2311E+02  0.000
    6.0185 14  7   12.6084   17.5782   12.6084    0.0000   -4.2720    0.1481    0.0000    0.1484  -10.0000    5.6827  0.1722E+12  0.3261E+00  0.4563E-06 -0.3408E-04  0.2323E+02  0.000
    6.0238 14  7   12.6107   17.4024   12.6107    0.0000   -4.2719    0.1461    0.0000    0.1472  -10.0000    5.6772  0.1721E+12  0.3136E+00  0.4489E-06 -0.3343E-04  0.2336E+02  0.000
    6.0291 14  7   12.6131   17.2284   12.6131    0.0000   -4.2718    0.1441    0.0000    0.1461  -10.0000    5.6716  0.1720E+12  0.3015E+00  0.4416E-06 -0.3279E-04  0.2349E+02  0.000
    6.0344 14  7   12.6154   17.0561   12.6154    0.0000   -4.2717    0.1420    0.0000    0.1449  -10.0000    5.6660  0.1719E+12  0.2899E+00  0.4344E-06 -0.3216E-04  0.2361E+02  0.000
    6.0398 14  7   12.6177   16.8855   12.6177    0.0000   -4.2717    0.1400    0.0000    0.1438  -10.0000    5.6603  0.1718E+12  0.2787E+00  0.4273E-06 -0.3155E-04  0.2374E+02  0.000
    6.0453 14  7   12.6200   16.7167   12.6200    0.0000   -4.2716    0.1379    0.0000    0.1427  -10.0000    5.6546  0.1717E+12  0.2679E+00  0.4202E-06 -0.3094E-04  0.2387E+02  0.000
    6.0508 14  7   12.6223   16.5495   12.6223    0.0000   -4.2715    0.1358    0.0000    0.1415  -10.0000    5.6490  0.1716E+12  0.2576E+00  0.4132E-06 -0.3034E-04  0.2399E+02  0.000
    6.0564 14  7   12.6245   16.3840   12.6245    0.0000   -4.2714    0.1337    0.0000    0.1404  -10.0000    5.6433  0.1715E+12  0.2476E+00  0.4062E-06 -0.2975E-04  0.2412E+02  0.000
    6.0620 14  7   12.6268   16.2202   12.6268    0.0000   -4.2713    0.1316    0.0000    0.1393  -10.0000    5.6375  0.1714E+12  0.2381E+00  0.3994E-06 -0.2917E-04  0.2425E+02  0.000
    6.0677 14  7   12.6290   16.0580   12.6290    0.0000   -4.2713    0.1295    0.0000    0.1382  -10.0000    5.6318  0.1713E+12  0.2290E+00  0.3925E-06 -0.2859E-04  0.2438E+02  0.000
    6.0734 14  7   12.6312   15.8974   12.6312    0.0000   -4.2712    0.1273    0.0000    0.1371  -10.0000    5.6260  0.1712E+12  0.2202E+00  0.3858E-06 -0.2803E-04  0.2451E+02  0.000
    6.0792 14  7   12.6334   15.7384   12.6334    0.0000   -4.2711    0.1251    0.0000    0.1360  -10.0000    5.6202  0.1712E+12  0.2117E+00  0.3790E-06 -0.2748E-04  0.2463E+02  0.000
    6.0850 14  7   12.6356   15.5810   12.6356    0.0000   -4.2710    0.1228    0.0000    0.1349  -10.0000    5.6144  0.1711E+12  0.2037E+00  0.3724E-06 -0.2693E-04  0.2476E+02  0.000
    6.0909 14  7   12.6378   15.4252   12.6378    0.0000   -4.2710    0.1205    0.0000    0.1338  -10.0000    5.6085  0.1710E+12  0.1959E+00  0.3657E-06 -0.2640E-04  0.2489E+02  0.000
    6.0969 14  7   12.6399   15.2710   12.6399    0.0000   -4.2709    0.1182    0.0000    0.1327  -10.0000    5.6026  0.1709E+12  0.1885E+00  0.3591E-06 -0.2587E-04  0.2502E+02  0.000
    6.1029 14  7   12.6420   15.1183   12.6420    0.0000   -4.2708    0.1158    0.0000    0.1316  -10.0000    5.5967  0.1708E+12  0.1815E+00  0.3526E-06 -0.2535E-04  0.2515E+02  0.000
    6.1090 14  7   12.6441   14.9671   12.6441    0.0000   -4.2707    0.1134    0.0000    0.1305  -10.0000    5.5908  0.1707E+12  0.1747E+00  0.3460E-06 -0.2484E-04  0.2528E+02  0.000
    6.1151 14  7   12.6462   14.8174   12.6462    0.0000   -4.2707    0.1108    0.0000    0.1294  -10.0000    5.5849  0.1706E+12  0.1682E+00  0.3395E-06 -0.2434E-04  0.2540E+02  0.000
    6.1214 14  7   12.6483   14.6692   12.6483    0.0000   -4.2706    0.1082    0.0000    0.1283  -10.0000    5.5789  0.1706E+12  0.1620E+00  0.3330E-06 -0.2384E-04  0.2553E+02  0.000
    6.1276 14  7   12.6503   14.5226   12.6503    0.0000   -4.2705    0.1056    0.0000    0.1271  -10.0000    5.5729  0.1705E+12  0.1562E+00  0.3266E-06 -0.2336E-04  0.2566E+02  0.000
    6.1340 14  7   12.6524   14.3773   12.6524    0.0000   -4.2705    0.1028    0.0000    0.1260  -10.0000    5.5669  0.1704E+12  0.1505E+00  0.3201E-06 -0.2288E-04  0.2579E+02  0.000
    6.1404 14  7   12.6544   14.2336   12.6544    0.0000   -4.2704    0.1000    0.0000    0.1248  -10.0000    5.5609  0.1703E+12  0.1452E+00  0.3137E-06 -0.2241E-04  0.2592E+02  0.000
    6.1469 14  7   12.6564   14.0912   12.6564    0.0000   -4.2703    0.0970    0.0000    0.1236  -10.0000    5.5548  0.1702E+12  0.1401E+00  0.3072E-06 -0.2195E-04  0.2605E+02  0.000
    6.1534 14  7   12.6583   13.9503   12.6583    0.0000   -4.2703    0.0940    0.0000    0.1224  -10.0000    5.5488  0.1701E+12  0.1352E+00  0.3008E-06 -0.2149E-04  0.2618E+02  0.000
    6.1601 14  7   12.6603   13.8108   12.6603    0.0000   -4.2702    0.0908    0.0000    0.1212  -10.0000    5.5427  0.1701E+12  0.1306E+00  0.2943E-06 -0.2105E-04  0.2631E+02  0.000
    6.1668 14  7   12.6622   13.6727   12.6622    0.0000   -4.2701    0.0874    0.0000    0.1200  -10.0000    5.5365  0.1700E+12  0.1263E+00  0.2878E-06 -0.2061E-04  0.2644E+02  0.000
    6.1735 14  7   12.6641   13.5360   12.6641    0.0000   -4.2701    0.0840    0.0000    0.1187  -10.0000    5.5304  0.1699E+12  0.1221E+00  0.2813E-06 -0.2017E-04  0.2657E+02  0.000
    6.1804 14  7   12.6660   13.4006   12.6660    0.0000   -4.2700    0.0803    0.0000    0.1174  -10.0000    5.5242  0.1698E+12  0.1182E+00  0.2748E-06 -0.1975E-04  0.2670E+02  0.000
    6.1873 14  7   12.6679   13.2666   12.6679    0.0000   -4.2699    0.0765    0.0000    0.1161  -10.0000    5.5180  0.1698E+12  0.1146E+00  0.2682E-06 -0.1933E-04  0.2683E+02  0.000
    6.1943 14  7   12.6697   13.1339   12.6697    0.0000   -4.2699    0.0725    0.0000    0.1147  -10.0000    5.5118  0.1697E+12  0.1111E+00  0.2616E-06 -0.1893E-04  0.2695E+02  0.000
    6.2014 14  7   12.6715   13.0026   12.6715    0.0000   -4.2698    0.0682    0.0000    0.1133  -10.0000    5.5056  0.1696E+12  0.1079E+00  0.2550E-06 -0.1852E-04  0.2708E+02  0.000
    6.2086 14  7   12.6733   12.8726   12.6733    0.0000   -4.2697    0.0637    0.0000    0.1119  -10.0000    5.4993  0.1695E+12  0.1048E+00  0.2483E-06 -0.1813E-04  0.2721E+02  0.000
    6.2159 14  7   12.6750   12.7438   12.6750    0.0000   -4.2697    0.0590    0.0000    0.1104  -10.0000    5.4930  0.1695E+12  0.1020E+00  0.2415E-06 -0.1774E-04  0.2734E+02  0.000
    6.2232 14  7   12.6768   12.6164   12.6768    0.0000   -4.2696    0.0540    0.0000    0.1089  -10.0000    5.4867  0.1694E+12  0.9937E-01  0.2347E-06 -0.1736E-04  0.2747E+02  0.000
    6.2306 14  7   12.6785   12.4902   12.6785    0.0000   -4.2696    0.0487    0.0000    0.1073  -10.0000    5.4804  0.1693E+12  0.9697E-01  0.2278E-06 -0.1698E-04  0.2760E+02  0.000
    6.2381 14  7   12.6801   12.3653   12.6801    0.0000   -4.2695    0.0430    0.0000    0.1057  -10.0000    5.4740  0.1693E+12  0.9477E-01  0.2208E-06 -0.1662E-04  0.2773E+02  0.000
    6.2458 14  7   12.6818   12.2417   12.6818    0.0000   -4.2695    0.0369    0.0000    0.1040  -10.0000    5.4676  0.1692E+12  0.9279E-01  0.2137E-06 -0.1626E-04  0.2786E+02  0.000
    6.2535 14  7   12.6833   12.1193   12.6833    0.0000   -4.2694    0.0305    0.0000    0.1022  -10.0000    5.4612  0.1691E+12  0.9103E-01  0.2066E-06 -0.1590E-04  0.2799E+02  0.000
    6.2612 14  7   12.6849   11.9981   12.6849    0.0000   -4.2693    0.0235    0.0000    0.1003  -10.0000    5.4548  0.1691E+12  0.8949E-01  0.1994E-06 -0.1555E-04  0.2812E+02  0.000
    6.2668 14  7   12.6860   11.9133   12.6860    0.0000   -4.2693    0.0183    0.0000    0.0990  -10.0000    5.4503  0.1690E+12  0.8857E-01  0.1920E-06 -0.1521E-04  0.2822E+02  0.000
    6.2668 14  7   12.6860   11.9129   12.6860    0.0000   -4.2693    0.0183    0.0000    0.0990  -10.0000    5.4502  0.1690E+12  0.8857E-01  0.1868E-06 -0.1498E-04  0.2822E+02  0.000
    6.2668 14  8   12.6860   11.9129   12.6860    8.3794   -4.2693    0.0183    0.0000    0.0990  -10.0000    5.4502  0.1690E+12  0.4440E+00  0.1867E-06 -0.1497E-04  0.2822E+02  0.000
    6.2678 14  8   12.6861   11.8990   12.6861    8.4005   -4.2693    0.0195    0.0000    0.0992  -10.0000    5.4557  0.1690E+12  0.4331E+00  0.1867E-06 -0.1497E-04  0.2823E+02  0.000
    6.2687 14  8   12.6863   11.8850   12.6863    8.4216   -4.2693    0.0207    0.0000    0.0995  -10.0000    5.4611  0.1690E+12  0.4221E+00  0.1914E-06 -0.1526E-04  0.2825E+02  0.000
    6.2696 14  8   12.6865   11.8708   12.6865    8.4428   -4.2693    0.0219    0.0000    0.0997  -10.0000    5.4666  0.1690E+12  0.4112E+00  0.1961E-06 -0.1555E-04  0.2826E+02  0.000
    6.2705 14  8   12.6867   11.8565   12.6867    8.4640   -4.2693    0.0231    0.0000    0.1000  -10.0000    5.4721  0.1690E+12  0.4004E+00  0.2010E-06 -0.1585E-04  0.2828E+02  0.000
    6.2714 14  8   12.6869   11.8421   12.6869    8.4853   -4.2693    0.0243    0.0000    0.1002  -10.0000    5.4775  0.1690E+12  0.3895E+00  0.2061E-06 -0.1615E-04  0.2829E+02  0.000
    6.2723 14  8   12.6870   11.8276   12.6870    8.5066   -4.2693    0.0255    0.0000    0.1005  -10.0000    5.4830  0.1690E+12  0.3787E+00  0.2112E-06 -0.1645E-04  0.2831E+02  0.000
    6.2732 14  8   12.6872   11.8129   12.6872    8.5281   -4.2693    0.0268    0.0000    0.1007  -10.0000    5.4884  0.1690E+12  0.3679E+00  0.2166E-06 -0.1677E-04  0.2832E+02  0.000
    6.2740 14  8   12.6874   11.7982   12.6874    8.5495   -4.2693    0.0280    0.0000    0.1010  -10.0000    5.4939  0.1690E+12  0.3571E+00  0.2220E-06 -0.1709E-04  0.2834E+02  0.000
    6.2749 14  8   12.6876   11.7832   12.6876    8.5710   -4.2693    0.0293    0.0000    0.1013  -10.0000    5.4993  0.1690E+12  0.3464E+00  0.2276E-06 -0.1741E-04  0.2836E+02  0.000
    6.2757 14  8   12.6878   11.7682   12.6878    8.5926   -4.2692    0.0306    0.0000    0.1015  -10.0000    5.5048  0.1690E+12  0.3358E+00  0.2334E-06 -0.1774E-04  0.2837E+02  0.000
    6.2766 14  8   12.6880   11.7530   12.6880    8.6142   -4.2692    0.0319    0.0000    0.1018  -10.0000    5.5103  0.1690E+12  0.3252E+00  0.2393E-06 -0.1808E-04  0.2839E+02  0.000
    6.2774 14  8   12.6882   11.7377   12.6882    8.6359   -4.2692    0.0332    0.0000    0.1021  -10.0000    5.5157  0.1689E+12  0.3147E+00  0.2454E-06 -0.1842E-04  0.2841E+02  0.000
    6.2782 14  8   12.6884   11.7222   12.6884    8.6576   -4.2692    0.0346    0.0000    0.1024  -10.0000    5.5212  0.1689E+12  0.3042E+00  0.2517E-06 -0.1877E-04  0.2842E+02  0.000
    6.2790 14  8   12.6886   11.7066   12.6886    8.6794   -4.2692    0.0359    0.0000    0.1027  -10.0000    5.5266  0.1689E+12  0.2938E+00  0.2582E-06 -0.1913E-04  0.2844E+02  0.000
    6.2798 14  8   12.6889   11.6909   12.6889    8.7012   -4.2692    0.0373    0.0000    0.1030  -10.0000    5.5321  0.1689E+12  0.2835E+00  0.2649E-06 -0.1950E-04  0.2846E+02  0.000
    6.2806 14  8   12.6891   11.6750   12.6891    8.7231   -4.2692    0.0387    0.0000    0.1033  -10.0000    5.5375  0.1689E+12  0.2733E+00  0.2717E-06 -0.1987E-04  0.2847E+02  0.000
    6.2814 14  8   12.6893   11.6590   12.6893    8.7450   -4.2692    0.0402    0.0000    0.1036  -10.0000    5.5430  0.1689E+12  0.2632E+00  0.2788E-06 -0.2024E-04  0.2849E+02  0.000
    6.2822 14  8   12.6895   11.6429   12.6895    8.7670   -4.2692    0.0417    0.0000    0.1039  -10.0000    5.5484  0.1689E+12  0.2532E+00  0.2861E-06 -0.2063E-04  0.2851E+02  0.000
    6.2830 14  8   12.6897   11.6266   12.6897    8.7891   -4.2692    0.0432    0.0000    0.1043  -10.0000    5.5539  0.1689E+12  0.2433E+00  0.2936E-06 -0.2102E-04  0.2853E+02  0.000
    6.2838 14  8   12.6900   11.6102   12.6900    8.8112   -4.2692    0.0447    0.0000    0.1046  -10.0000    5.5594  0.1689E+12  0.2336E+00  0.3013E-06 -0.2142E-04  0.2855E+02  0.000
    6.2845 14  8   12.6902   11.5936   12.6902    8.8334   -4.2692    0.0462    0.0000    0.1049  -10.0000    5.5648  0.1689E+12  0.2239E+00  0.3093E-06 -0.2183E-04  0.2856E+02  0.000
    6.2853 14  8   12.6905   11.5769   12.6905    8.8556   -4.2692    0.0478    0.0000    0.1053  -10.0000    5.5703  0.1689E+12  0.2144E+00  0.3175E-06 -0.2224E-04  0.2858E+02  0.000
    6.2854 14 14   12.6905   11.5745   12.6905   11.5745   -4.2692   -4.3091    0.0000    0.0000  -10.0000  -10.0000  0.1689E+12  0.2000E+09  0.3260E-06 -0.2267E-04  0.2857E+02  0.000
    6.3854 14 14   12.6905   11.5745   12.6905   11.5745   -4.2692   -4.3091    0.0000    0.0000  -10.0000  -10.0000  0.1689E+12  0.2000E+09  0.0000E+00  0.0000E+00  0.2857E+02  0.000
    7.3854 14 14   12.6905   11.5745   12.6905   11.5745   -4.2692   -4.3091    0.0000    0.0000  -10.0000  -10.0000  0.1689E+12  0.2000E+09  0.0000E+00  0.0000E+00  0.2857E+02  0.000
   10.0000 14 14   12.6905   11.5745   12.6905   11.5745   -4.2692   -4.3091    0.0000    0.0000  -10.0000  -10.0000  0.1689E+12  0.2000E+09  0.0000E+00  0.0000E+00  0.2857E+02  0.000
   10.0000 14 14   12.6905   11.5745   12.6905   11.5745   -4.2692   -4.3091    0.0000    0.0000  -10.0000  -10.0000  0.1689E+12  0.2000E+09 -0.0000E+00  0.0000E+00  0.2857E+02  0.000